 |  /           |             
 ' /   __| _` | __|  _ \   __|
 . \  |   (   | |   (   |\__ \ 
_|\_\_|  \__,_|\__|\___/ ____/
           Multi-Physics 3.3.11098
Importing    KratosPureDiffusionApplication
Initializing KratosPureDiffusionApplication... 
[ "PurePrueba" ] 
[ Opened for IO: .node, .prop, .elem, .cond, .init  ]
  [Reading Nodes    : 206 nodes read]
  [Reading Elements : 358 elements read] [Type: Poisson2D]
  [Total Lines Read : 606]
PureDiffusionPart model part
    Buffer Size : 1
    Number of tables : 0
    Current solution step index : 0

    Mesh 0 : 
    Number of Nodes      : 206
    Number of Properties : 1
    Number of Elements   : 358
    Number of Conditions : 1

variables for the Poisson solver added correctly
about to solve!
rRightHandSideVectorrRightHandSideVectorrRightHandSideVector :  :  : rRightHandSideVector : [0]()
[0]()
[0]()
rLeftHandSideMatrix : rLeftHandSideMatrix : rLeftHandSideMatrix : [0]()
[3,3]((0.55439,-0.283362,-0.271029),(-0.283362,0.595779,-0.312417),(-0.271029,-0.312417,0.583446))
rRightHandSideVector : [3,3]((0.583302,-0.300401,-0.282901),(-0.300401,0.583302,-0.282901),(-0.282901,-0.282901,0.565801))[3,3]((0.589267,-0.311892,-0.277374),(-0.311892,0.589337,-0.277445),(-0.277374,-0.277445,0.554819))[3](-0,-0,-0)

ms_temp : rLeftHandSideMatrix : rRightHandSideVector : 
rRightHandSideVector : [3](0,0,0)[3,3]((0.587687,-0.278676,-0.309011),(-0.278676,0.557542,-0.278866),(-0.309011,-0.278866,0.587877))

[3](-0,-0,-0)rRightHandSideVector : [3](-0,-0,-0)
ms_temp : [3](-0,-0,-0)
ms_temp : 
rRightHandSideVectorms_temp : [3](0,0,0) : 
[3](0,0,0)[3](0,0,0)

[3](-0,-0,-0)
rRightHandSideVectorrRightHandSideVector :  : rRightHandSideVector : [3](-0,-0,-0)
rLeftHandSideMatrix : [3](-0,-0,-0)
[3](-0,-0,-0)
[3,3]((0.588458,-0.310259,-0.2782),(-0.310259,0.588419,-0.278161),(-0.2782,-0.278161,0.556361))
rRightHandSideVector : rLeftHandSideMatrix : rLeftHandSideMatrix : rLeftHandSideMatrix : [3](-0,-0,-0)
ms_temp : [3](0,0,0)
[3,3]((0.583302,-0.300401,-0.282901),(-0.300401,0.583302,-0.282901),(-0.282901,-0.282901,0.565801))
rRightHandSideVector : [3,3]((0.585923,-0.305344,-0.280579),(-0.305344,0.585802,-0.280458),(-0.280579,-0.280458,0.561037))[3,3]((0.589467,-0.31199,-0.277477),(-0.31199,0.589241,-0.277251),(-0.277477,-0.277251,0.554727))
[3](-0,-0,-0)rRightHandSideVector : 
ms_temp : rRightHandSideVector[3](0,0,0) : 
[3](-0,-0,-0)[3](-0,-0,-0)
ms_temp : rRightHandSideVector : 
rRightHandSideVector : 
[3](-0,-0,-0)
[3](-0,-0,-0)
rLeftHandSideMatrix : ms_temp : [3](0,0,0)
rLeftHandSideMatrix : [3](0,0,0)[3,3]((0.579866,-0.293769,-0.286097),(-0.293769,0.579962,-0.286193),(-0.286097,-0.286193,0.57229))
rRightHandSideVector : 
rRightHandSideVector : [3,3]((0.516962,-0.271755,-0.245208),(-0.271755,0.626449,-0.354694),(-0.245208,-0.354694,0.599902))rRightHandSideVector : 
[3](-0,-0,-0)
[3](-0,-0,-0)
ms_temp : [3](-0,-0,-0)rLeftHandSideMatrix : 
rRightHandSideVector[3,3]((0.589467,-0.31199,-0.277477),(-0.31199,0.589241,-0.277251),(-0.277477,-0.277251,0.554727))
rRightHandSideVector :  : [3](0,0,0)[3](-0,-0,-0)
[3](-0,-0,-0)ms_temp : 
[3](0,0,0)

rLeftHandSideMatrixrRightHandSideVector :  : ms_temp : [3](-0,-0,-0)
rRightHandSideVector : [3,3]((0.579235,-0.292745,-0.286489),(-0.292745,0.579558,-0.286812),(-0.286489,-0.286812,0.573302))[3](0,0,0)
rRightHandSideVector : 
rLeftHandSideMatrix : [3](-0,-0,-0)
[3](-0,-0,-0)[3,3]((0.589381,-0.312092,-0.277288),(-0.312092,0.589435,-0.277343),(-0.277288,-0.277343,0.554631))
rRightHandSideVector : 
ms_temp : rRightHandSideVector : [3](-0,-0,-0)[3](0,0,0)
ms_temp : 
[3](-0,-0,-0)
[3](0,0,0)rRightHandSideVector : 
[3](-0,-0,-0)
rLeftHandSideMatrix : rLeftHandSideMatrix : rRightHandSideVector : [3,3]((0.583297,-0.300231,-0.283066),(-0.300231,0.583132,-0.282901),(-0.283066,-0.282901,0.565966))[3](-0,-0,-0)

rRightHandSideVector : rLeftHandSideMatrix : [3,3]((0.561687,-0.285353,-0.276334),(-0.285353,0.590055,-0.304702),(-0.276334,-0.304702,0.581036))
rLeftHandSideMatrix : rRightHandSideVector : [3,3]((0.574589,-0.289992,-0.284597),(-0.289992,0.581451,-0.291459),(-0.284597,-0.291459,0.576056))[3](-0,-0,-0)
rRightHandSideVector : 
ms_temp : [3,3]((0.589476,-0.312165,-0.277311),(-0.312165,0.589416,-0.277251),(-0.277311,-0.277251,0.554563))
rRightHandSideVector : [3](-0,-0,-0)
ms_temp : [3](0,0,0)
[3](-0,-0,-0)
ms_temp : rRightHandSideVector : [3](0,0,0)
[3](-0,-0,-0)[3](-0,-0,-0)
[3](0,0,0)

ms_temp : rLeftHandSideMatrix : rRightHandSideVector : [3](0,0,0)
[3](-0,-0,-0)
[3,3]((0.583302,-0.300401,-0.282901),(-0.300401,0.583302,-0.282901),(-0.282901,-0.282901,0.565801))
rRightHandSideVector : rRightHandSideVector : rLeftHandSideMatrix : [3](-0,-0,-0)
ms_temp : [3,3]((0.589476,-0.312165,-0.277311),(-0.312165,0.589416,-0.277251),(-0.277311,-0.277251,0.554563))
rRightHandSideVector : rRightHandSideVector : [3](0,0,0)
[3](-0,-0,-0)[3](-0,-0,-0)
rRightHandSideVector : 
ms_temp : [3](-0,-0,-0)
[3](-0,-0,-0)
rLeftHandSideMatrix : [3](0,0,0)
rLeftHandSideMatrixrLeftHandSideMatrix :  : [3,3]((0.509769,-0.284229,-0.22554),(-0.284229,0.648894,-0.364665),(-0.22554,-0.364665,0.590205))
rRightHandSideVector : rRightHandSideVector : [3,3]((0.583302,-0.300401,-0.282901),(-0.300401,0.583302,-0.282901),(-0.282901,-0.282901,0.565801))
[3](-0,-0,-0)rRightHandSideVector : [3,3]((0.584838,-0.303554,-0.281283),(-0.303554,0.585026,-0.281472),(-0.281283,-0.281472,0.562755))
rRightHandSideVector : [3](-0,-0,-0)
[3](-0,-0,-0)
ms_temp : [3](-0,-0,-0)rLeftHandSideMatrix : 
ms_temp : 
ms_temp : [3](0,0,0)
[3](0,0,0)
rRightHandSideVector : [3](0,0,0)
[3,3]((0.589391,-0.312268,-0.277123),(-0.312268,0.589611,-0.277343),(-0.277123,-0.277343,0.554466))
rRightHandSideVector : rRightHandSideVectorrRightHandSideVector :  : [3](-0,-0,-0)[3](-0,-0,-0)

[3](-0,-0,-0)ms_temp : 
[3](-0,-0,-0)
rLeftHandSideMatrix : [3](0,0,0)rLeftHandSideMatrix : 
rLeftHandSideMatrix : [3,3]((0.583302,-0.300401,-0.282901),(-0.300401,0.583302,-0.282901),(-0.282901,-0.282901,0.565801))
[3,3]((0.580536,-0.293834,-0.286702),(-0.293834,0.579359,-0.285525),(-0.286702,-0.285525,0.572227))rRightHandSideVector : rRightHandSideVector : 
rRightHandSideVector : [3,3]((0.647148,-0.382119,-0.265029),(-0.382119,0.611938,-0.22982),(-0.265029,-0.22982,0.494849))
rRightHandSideVector : [3](-0,-0,-0)
[3](-0,-0,-0)
ms_temp : [3](-0,-0,-0)
ms_temp : rLeftHandSideMatrix : [3](-0,-0,-0)[3](0,0,0)

ms_temp : [3,3]((0.617473,-0.320872,-0.296601),(-0.320872,0.571618,-0.250746),(-0.296601,-0.250746,0.547347))
rRightHandSideVector : rRightHandSideVector : [3](0,0,0)[3](-0,-0,-0)
[3](-0,-0,-0)
[3](0,0,0)

rRightHandSideVector : ms_temp : rLeftHandSideMatrix : [3](-0,-0,-0)[3](0,0,0)

[3,3]((0.578097,-0.28989,-0.288207),(-0.28989,0.57782,-0.28793),(-0.288207,-0.28793,0.576137))
rRightHandSideVector : rRightHandSideVectorrRightHandSideVector :  : rLeftHandSideMatrix : [3](-0,-0,-0)
[3](-0,-0,-0)
[3,3]((0.539316,-0.510579,-0.0287372),(-0.510579,0.946923,-0.436344),(-0.0287372,-0.436344,0.465082))
rRightHandSideVector : [3](-0,-0,-0)
ms_temp : [3](-0,-0,-0)
ms_temp : rLeftHandSideMatrix : rLeftHandSideMatrix : [3](0,0,0)
[3,3]((0.527527,-0.26897,-0.258556),(-0.26897,0.61105,-0.342079),(-0.258556,-0.342079,0.600636))
rRightHandSideVector : [3](0,0,0)
[3,3]((0.579233,-0.292442,-0.286791),(-0.292442,0.579253,-0.28681),(-0.286791,-0.28681,0.573601))
rRightHandSideVectorrRightHandSideVector :  : rRightHandSideVector[3](-0,-0,-0) : 
[3](-0,-0,-0)
ms_temp : [3](-0,-0,-0)
rLeftHandSideMatrix : [3](-0,-0,-0)
ms_temp : [3](0,0,0)[3,3]((0.59001,-0.276857,-0.313153),(-0.276857,0.553634,-0.276777),(-0.313153,-0.276777,0.58993))

rRightHandSideVector : [3](0,0,0)rRightHandSideVector : 
[3](-0,-0,-0)
[3](-0,-0,-0)
ms_temp : rLeftHandSideMatrixrLeftHandSideMatrix :  : rRightHandSideVector : [3](0,0,0)
[3](-0,-0,-0)
[3,3]((0.640154,-0.352059,-0.288095),(-0.352059,0.584149,-0.23209),(-0.288095,-0.23209,0.520185))rRightHandSideVector : 
[3](-0,-0,-0)
rLeftHandSideMatrix : rRightHandSideVector : [3,3]((0.589454,-0.278967,-0.310487),(-0.278967,0.556146,-0.277179),(-0.310487,-0.277179,0.587666))
rRightHandSideVector : rLeftHandSideMatrix : [3](-0,-0,-0)
ms_temp : [3,3]((0.575483,-0.290766,-0.284717),(-0.290766,0.581328,-0.290563),(-0.284717,-0.290563,0.57528))[3,3]((0.589847,-0.31296,-0.276887),(-0.31296,0.589888,-0.276928),(-0.276887,-0.276928,0.553816))
rRightHandSideVector : [3](-0,-0,-0)
ms_temp : [3](0,0,0)
[3](-0,-0,-0)
ms_temp : [3](0,0,0)rRightHandSideVector : 
[3](-0,-0,-0)
[3](0,0,0)

rRightHandSideVector : rLeftHandSideMatrix : rRightHandSideVector : rRightHandSideVector : [3](-0,-0,-0)
ms_temp[3](-0,-0,-0) : 
[3](0,0,0)
[3,3]((0.584822,-0.303323,-0.281499),(-0.303323,0.584802,-0.281479),(-0.281499,-0.281479,0.562977))
rRightHandSideVector : rLeftHandSideMatrix : [3](-0,-0,-0)rRightHandSideVector : 
[3](-0,-0,-0)
[3](-0,-0,-0)
rLeftHandSideMatrix : ms_temp : [3,3]((0.579252,-0.292263,-0.286989),(-0.292263,0.579053,-0.28679),(-0.286989,-0.28679,0.573779))
rRightHandSideVector : rLeftHandSideMatrix[3,3]((0.586246,-0.305981,-0.280266),(-0.305981,0.586143,-0.280162),(-0.280266,-0.280162,0.560428))
[3](0,0,0)rRightHandSideVector :  : 
[3](-0,-0,-0)[3,3]((0.853639,-0.632693,-0.220946),(-0.632693,0.761798,-0.129105),(-0.220946,-0.129105,0.350051))
rRightHandSideVector : 
rRightHandSideVector : [3](-0,-0,-0)
ms_temp[3](-0,-0,-0) : 
[3](0,0,0)
ms_temp : [3](-0,-0,-0)
ms_temp : rRightHandSideVector : rLeftHandSideMatrix : [3](0,0,0)
[3](0,0,0)[3,3]((0.589416,-0.277251,-0.312165),(-0.277251,0.554563,-0.277311),(-0.312165,-0.277311,0.589476))

rRightHandSideVector : rRightHandSideVectorrRightHandSideVector :  : [3](-0,-0,-0)[3](-0,-0,-0)

ms_temp : [3](-0,-0,-0)
[3](-0,-0,-0)
rLeftHandSideMatrix : [3](0,0,0)rLeftHandSideMatrix : 
rLeftHandSideMatrix : [3,3]((0.584132,-0.282803,-0.301329),(-0.282803,0.564902,-0.282099),(-0.301329,-0.282099,0.583429))[3,3]((0.669587,-0.488456,-0.181131),(-0.488456,0.729687,-0.241231),(-0.181131,-0.241231,0.422362))
rRightHandSideVector : rRightHandSideVector : 
rRightHandSideVector : [3,3]((0.589831,-0.276737,-0.313094),(-0.276737,0.55369,-0.276953),(-0.313094,-0.276953,0.590046))
rRightHandSideVector : [3](-0,-0,-0)
[3](-0,-0,-0)
ms_temp : [3](-0,-0,-0)
ms_temp : rLeftHandSideMatrix : [3](-0,-0,-0)[3](0,0,0)

ms_temp : [3,3]((0.589476,-0.312165,-0.277311),(-0.312165,0.589416,-0.277251),(-0.277311,-0.277251,0.554563))
rRightHandSideVector : rRightHandSideVector : [3](0,0,0)[3](-0,-0,-0)
[3](-0,-0,-0)
[3](0,0,0)

ms_temp : rLeftHandSideMatrixrRightHandSideVector :  : [3](0,0,0)
[3](-0,-0,-0)[3,3]((0.590064,-0.313096,-0.276968),(-0.313096,0.589816,-0.27672),(-0.276968,-0.27672,0.553688))
rRightHandSideVector : rRightHandSideVector
 : [3](-0,-0,-0)
[3](-0,-0,-0)
rLeftHandSideMatrix : ms_temp : rRightHandSideVector : rLeftHandSideMatrix : [3](0,0,0)
[3,3]((0.582904,-0.299693,-0.283212),(-0.299693,0.58297,-0.283277),(-0.283212,-0.283277,0.566489))
rRightHandSideVector : [3](-0,-0,-0)
[3,3]((0.589513,-0.277446,-0.312067),(-0.277446,0.554655,-0.277209),(-0.312067,-0.277209,0.589276))
rRightHandSideVector : rRightHandSideVector : rLeftHandSideMatrix : [3](-0,-0,-0)[3](-0,-0,-0)

ms_temp : [3](0,0,0)
[3,3]((0.579523,-0.29283,-0.286693),(-0.29283,0.579355,-0.286525),(-0.286693,-0.286525,0.573218))
rRightHandSideVector : [3](-0,-0,-0)rRightHandSideVector : 
[3](-0,-0,-0)
[3](-0,-0,-0)
rLeftHandSideMatrix : ms_temp : ms_temp : rLeftHandSideMatrix : [3](0,0,0)
[3,3]((0.589891,-0.276913,-0.312978),(-0.276913,0.553798,-0.276885),(-0.312978,-0.276885,0.589864))
rRightHandSideVector : [3](0,0,0)
[3,3]((0.578754,-0.29133,-0.287423),(-0.29133,0.578611,-0.287281),(-0.287423,-0.287281,0.574704))
rRightHandSideVector : rRightHandSideVector : rRightHandSideVector : [3](-0,-0,-0)
[3](-0,-0,-0)
[3](-0,-0,-0)
[3](-0,-0,-0)rLeftHandSideMatrix
ms_temp :  : rLeftHandSideMatrix : ms_temp : [3](0,0,0)
[3](0,0,0)
[3,3]((0.589276,-0.312067,-0.277209),(-0.312067,0.589513,-0.277446),(-0.277209,-0.277446,0.554655))
rRightHandSideVector : rRightHandSideVectorrRightHandSideVector :  : [3,3]((0.577987,-0.289852,-0.288135),(-0.289852,0.577892,-0.28804),(-0.288135,-0.28804,0.576175))[3](-0,-0,-0)
ms_temp : [3](-0,-0,-0)[3](-0,-0,-0)

[3](0,0,0)

rRightHandSideVector : rLeftHandSideMatrixrRightHandSideVector :  : rLeftHandSideMatrix : [3](-0,-0,-0)
[3,3]((0.589864,-0.312978,-0.276885),(-0.312978,0.589891,-0.276913),(-0.276885,-0.276913,0.553798))
rRightHandSideVector : [3,3]((0.578724,-0.291381,-0.287343),(-0.291381,0.578692,-0.287311),(-0.287343,-0.287311,0.574654))
rRightHandSideVector : [3](-0,-0,-0)
[3](-0,-0,-0)
ms_temp : [3](-0,-0,-0)
rLeftHandSideMatrixms_temp : ms_temp :  : [3](0,0,0)
[3](0,0,0)
[3](0,0,0)rRightHandSideVector : 
[3](-0,-0,-0)
[3,3]((0.589241,-0.277251,-0.31199),(-0.277251,0.554727,-0.277477),(-0.31199,-0.277477,0.589467))
rRightHandSideVector : rRightHandSideVector : rLeftHandSideMatrix : rRightHandSideVector : [3](-0,-0,-0)
ms_temp : [3](-0,-0,-0)
[3](-0,-0,-0)
[3](0,0,0)
rLeftHandSideMatrix : [3,3]((0.569893,-0.285267,-0.284626),(-0.285267,0.581473,-0.296205),(-0.284626,-0.296205,0.580831))rLeftHandSideMatrix : 
rRightHandSideVector : rRightHandSideVector : [3,3]((0.580398,-0.294505,-0.285894),(-0.294505,0.580176,-0.285671),(-0.285894,-0.285671,0.571565))
rRightHandSideVector : [3,3]((0.586182,-0.281592,-0.30459),(-0.281592,0.561761,-0.280169),(-0.30459,-0.280169,0.584758))
rRightHandSideVector : [3](-0,-0,-0)
[3](-0,-0,-0)
ms_temp : [3](-0,-0,-0)rLeftHandSideMatrix : 
ms_temp : [3](-0,-0,-0)
ms_temp : [3](0,0,0)
[3](0,0,0)
[3](0,0,0)rRightHandSideVector : 
[3](-0,-0,-0)
[3,3]((0.589467,-0.31199,-0.277477),(-0.31199,0.589241,-0.277251),(-0.277477,-0.277251,0.554727))
rRightHandSideVector : rRightHandSideVector : rLeftHandSideMatrix : rRightHandSideVector : [3](-0,-0,-0)
ms_temp : [3](-0,-0,-0)
[3](-0,-0,-0)
[3,3]((0.58943,-0.289766,-0.299663),(-0.289766,0.566589,-0.276823),(-0.299663,-0.276823,0.576486))rLeftHandSideMatrix : 
[3](0,0,0)rRightHandSideVector : 
[3](-0,-0,-0)
ms_temp : [3,3]((0.583872,-0.301359,-0.282513),(-0.301359,0.583719,-0.28236),(-0.282513,-0.28236,0.564873))
rRightHandSideVector : [3](0,0,0)
rRightHandSideVector : rLeftHandSideMatrix : [3](-0,-0,-0)
ms_temp : [3](-0,-0,-0)
[3,3]((0.461825,-0.275412,-0.186412),(-0.275412,0.705575,-0.430163),(-0.186412,-0.430163,0.616575))
rRightHandSideVector : [3](0,0,0)rLeftHandSideMatrix : 
rRightHandSideVector[3,3]((0.589435,-0.277343,-0.312092),(-0.277343,0.554631,-0.277288),(-0.312092,-0.277288,0.589381))
rRightHandSideVector :  : rRightHandSideVector : [3](-0,-0,-0)
ms_temp : [3](-0,-0,-0)[3](-0,-0,-0)

[3](0,0,0)
rLeftHandSideMatrix : [3](-0,-0,-0)rLeftHandSideMatrix : 
ms_temp : [3,3]((0.578832,-0.291715,-0.287117),(-0.291715,0.578921,-0.287205),(-0.287117,-0.287205,0.574322))rRightHandSideVector : 
[3](-0,-0,-0)rRightHandSideVector[3](0,0,0) : 

[3](-0,-0,-0)
ms_temp : [3,3]((0.58353,-0.300819,-0.282712),(-0.300819,0.583503,-0.282685),(-0.282712,-0.282685,0.565396))
rRightHandSideVector : [3](-0,-0,-0)
ms_temp : rLeftHandSideMatrix : [3](0,0,0)[3](0,0,0)
rRightHandSideVector : 
[3](-0,-0,-0)
rRightHandSideVector : [3,3]((0.643087,-0.273692,-0.369395),(-0.273692,0.50523,-0.231539),(-0.369395,-0.231539,0.600934))
rRightHandSideVector : [3](-0,-0,-0)
rRightHandSideVector : [3](-0,-0,-0)
ms_temp : rLeftHandSideMatrixrLeftHandSideMatrix :  : [3](-0,-0,-0)[3](0,0,0)

[3,3]((0.632102,-0.481202,-0.150901),(-0.481202,0.761831,-0.280629),(-0.150901,-0.280629,0.43153))
rRightHandSideVector : rRightHandSideVector : [3,3]((0.580276,-0.294598,-0.285678),(-0.294598,0.580392,-0.285794),(-0.285678,-0.285794,0.571473))
rRightHandSideVector : rLeftHandSideMatrix : [3](-0,-0,-0)[3](-0,-0,-0)
ms_temp : 
[3,3]((0.48471,-0.293537,-0.191174),(-0.293537,0.693536,-0.399999),(-0.191174,-0.399999,0.591172))ms_temp : [3](-0,-0,-0)
[3](0,0,0)
[3](0,0,0)
rLeftHandSideMatrixrRightHandSideVector :  : 
[3](-0,-0,-0)rRightHandSideVector : 
[3,3]((0.516662,-0.330986,-0.185676),(-0.330986,0.695913,-0.364927),(-0.185676,-0.364927,0.550603))
rRightHandSideVector : [3](-0,-0,-0)
rLeftHandSideMatrix : ms_temp : [3](-0,-0,-0)
ms_temp : [3,3]((0.589895,-0.276916,-0.312978),(-0.276916,0.553799,-0.276882),(-0.312978,-0.276882,0.58986))
[3](0,0,0)
rRightHandSideVector : rRightHandSideVector : [3](0,0,0)
[3](-0,-0,-0)
[3](-0,-0,-0)rRightHandSideVector : 
[3](-0,-0,-0)
rLeftHandSideMatrix : ms_temp : rRightHandSideVector : [3](0,0,0)
[3,3]((0.559303,-0.279208,-0.280095),(-0.279208,0.586367,-0.307159),(-0.280095,-0.307159,0.587254))
[3](-0,-0,-0)rRightHandSideVector : 
rRightHandSideVector : [3](-0,-0,-0)
[3](-0,-0,-0)
ms_temp : rLeftHandSideMatrix : rLeftHandSideMatrixrLeftHandSideMatrix :  : [3](0,0,0)
[3,3]((0.69185,-0.415701,-0.27615),(-0.415701,0.611125,-0.195424),(-0.27615,-0.195424,0.471574))
[3,3]((0.563543,-0.304855,-0.258689),(-0.304855,0.608536,-0.303681),(-0.258689,-0.303681,0.56237))rRightHandSideVector : rRightHandSideVector : 
rRightHandSideVector : [3,3]((0.630691,-0.384204,-0.246487),(-0.384204,0.63044,-0.246236),(-0.246487,-0.246236,0.492723))
rRightHandSideVector : [3](-0,-0,-0)
[3](-0,-0,-0)
ms_temp : [3](-0,-0,-0)
ms_temp : [3](-0,-0,-0)
ms_temp : [3](0,0,0)
[3](0,0,0)
[3](0,0,0)rRightHandSideVector : 
[3](-0,-0,-0)
rLeftHandSideMatrix : rRightHandSideVector : rRightHandSideVector : [3](-0,-0,-0)[3](-0,-0,-0)

rLeftHandSideMatrix : [3,3]((0.611787,-0.478268,-0.133519),(-0.478268,0.782528,-0.30426),(-0.133519,-0.30426,0.437779))rLeftHandSideMatrix : 
rRightHandSideVector : [3,3]((0.74925,-0.506023,-0.243226),(-0.506023,0.675422,-0.169398),(-0.243226,-0.169398,0.412625))
rRightHandSideVector : [3,3]((0.754061,-0.297647,-0.456414),(-0.297647,0.449027,-0.15138),(-0.456414,-0.15138,0.607794))
rRightHandSideVector : [3](-0,-0,-0)
ms_temp : [3](-0,-0,-0)
ms_temp : [3](-0,-0,-0)
ms_temp : [3](0,0,0)
[3](0,0,0)
[3](0,0,0)rRightHandSideVector : 
[3](-0,-0,-0)
rLeftHandSideMatrix : rRightHandSideVectorrRightHandSideVector :  : [3](-0,-0,-0)
[3](-0,-0,-0)
[3,3]((0.733259,-0.262619,-0.47064),(-0.262619,0.435001,-0.172382),(-0.47064,-0.172382,0.643023))rLeftHandSideMatrix : 
rRightHandSideVector : rLeftHandSideMatrix : [3,3]((0.682961,-0.441664,-0.241296),(-0.441664,0.651674,-0.210009),(-0.241296,-0.210009,0.451306))
rLeftHandSideMatrixrRightHandSideVector :  : [3,3]((0.579206,-0.29179,-0.287417),(-0.29179,0.578621,-0.286832),(-0.287417,-0.286832,0.574249))[3](-0,-0,-0)[3](-0,-0,-0)

ms_temp : rRightHandSideVector : 
ms_temp : [3,3]((0.484076,-0.236386,-0.24769),(-0.236386,0.631881,-0.395495),(-0.24769,-0.395495,0.643185))
[3](0,0,0)rRightHandSideVector : [3](0,0,0)
[3](-0,-0,-0)
ms_temp : [3](-0,-0,-0)rRightHandSideVector : 
[3](-0,-0,-0)ms_temp : 
[3](0,0,0)

rLeftHandSideMatrix : [3](0,0,0)
rRightHandSideVector[3,3]((0.577903,-0.289659,-0.288244),(-0.289659,0.577782,-0.288123),(-0.288244,-0.288123,0.576368)) : 
[3](-0,-0,-0)rRightHandSideVector : 
[3](-0,-0,-0)rRightHandSideVector
ms_temp :  : rRightHandSideVector[3](0,0,0) : 
[3](-0,-0,-0)
[3](-0,-0,-0)
rRightHandSideVector : rLeftHandSideMatrix : [3](-0,-0,-0)
rLeftHandSideMatrix : rLeftHandSideMatrix : [3,3]((0.587871,-0.309186,-0.278685),(-0.309186,0.587878,-0.278691),(-0.278685,-0.278691,0.557376))
rRightHandSideVector : [3,3]((0.519686,-0.199331,-0.320355),(-0.199331,0.557515,-0.358184),(-0.320355,-0.358184,0.678539))rLeftHandSideMatrix
 : [3,3]((0.630346,-0.323075,-0.307271),(-0.323075,0.562195,-0.23912),(-0.307271,-0.23912,0.546391))rRightHandSideVector : 
[3,3]((0.50156,-0.28462,-0.21694),(-0.28462,0.659959,-0.375338),(-0.21694,-0.375338,0.592278))
rRightHandSideVector : rRightHandSideVector : [3](-0,-0,-0)
ms_temp : [3](-0,-0,-0)
ms_temp : [3](-0,-0,-0)
ms_temp : [3](0,0,0)
[3](0,0,0)
[3](0,0,0)rRightHandSideVector : 
[3](-0,-0,-0)
[3](-0,-0,-0)
ms_temp : rRightHandSideVector : rLeftHandSideMatrix : rRightHandSideVector : [3](0,0,0)
[3](-0,-0,-0)
[3](-0,-0,-0)
[3,3]((0.580019,-0.294354,-0.285665),(-0.294354,0.580402,-0.286048),(-0.285665,-0.286048,0.571713))rLeftHandSideMatrix : 
rRightHandSideVector : rRightHandSideVector : [3,3]((0.669059,-0.393967,-0.275092),(-0.393967,0.605642,-0.211675),(-0.275092,-0.211675,0.486767))rLeftHandSideMatrix : 
rRightHandSideVector : [3](-0,-0,-0)
ms_temp : [3](-0,-0,-0)
[3,3]((0.642857,-0.17126,-0.471597),(-0.17126,0.434513,-0.263253),(-0.471597,-0.263253,0.73485))
rRightHandSideVector : [3](0,0,0)
[3](-0,-0,-0)
ms_temp : [3](-0,-0,-0)rRightHandSideVector : 
[3](-0,-0,-0)ms_temp : rLeftHandSideMatrix
[3](0,0,0)
 : [3](0,0,0)
[3,3]((0.589981,-0.27694,-0.313041),(-0.27694,0.553739,-0.276799),(-0.313041,-0.276799,0.589841))
rRightHandSideVector : rLeftHandSideMatrix : rRightHandSideVector : [3](-0,-0,-0)
[3](-0,-0,-0)
ms_temp : [3,3]((0.580111,-0.294255,-0.285856),(-0.294255,0.58021,-0.285955),(-0.285856,-0.285955,0.571811))
rRightHandSideVector : rLeftHandSideMatrix : rRightHandSideVector[3](-0,-0,-0)
ms_temp :  : [3,3]((0.470567,-0.237906,-0.232661),(-0.237906,0.651553,-0.413647),(-0.232661,-0.413647,0.646308))[3](0,0,0)[3](0,0,0)
[3](-0,-0,-0)rRightHandSideVector : 


[3](-0,-0,-0)
ms_temp : rLeftHandSideMatrix : rRightHandSideVectorrRightHandSideVector : [3](0,0,0) : 
[3](-0,-0,-0)[3](-0,-0,-0)

rRightHandSideVector : [3](-0,-0,-0)
rLeftHandSideMatrix : [3,3]((0.757822,-0.341201,-0.416621),(-0.341201,0.483515,-0.142314),(-0.416621,-0.142314,0.558935))
rRightHandSideVector : rLeftHandSideMatrix : [3,3]((0.608498,-0.304868,-0.303629),(-0.304868,0.563593,-0.258724),(-0.303629,-0.258724,0.562353))
rRightHandSideVector : rLeftHandSideMatrix[3,3]((0.554727,-0.277477,-0.277251),(-0.277477,0.589467,-0.31199),(-0.277251,-0.31199,0.589241)) : 
rRightHandSideVector : [3](-0,-0,-0)
[3,3]((0.560065,-0.280894,-0.27917),(-0.280894,0.587257,-0.306362),(-0.27917,-0.306362,0.585532))ms_temp : [3](-0,-0,-0)
ms_temp : 
rRightHandSideVector : [3](0,0,0)
[3](0,0,0)
[3](-0,-0,-0)rRightHandSideVector : 
ms_temp : [3](-0,-0,-0)
[3](0,0,0)
rRightHandSideVector : [3](-0,-0,-0)
ms_temp : rRightHandSideVector : rLeftHandSideMatrix : [3](-0,-0,-0)
[3](0,0,0)[3,3]((0.591118,-0.317373,-0.273745),(-0.317373,0.593326,-0.275953),(-0.273745,-0.275953,0.549698))
rRightHandSideVector : 
rLeftHandSideMatrix : [3](-0,-0,-0)
rRightHandSideVector : [3](-0,-0,-0)[3,3]((0.589381,-0.312092,-0.277288),(-0.312092,0.589435,-0.277343),(-0.277288,-0.277343,0.554631))
rRightHandSideVector : 
ms_temp : [3](-0,-0,-0)
ms_temp : rLeftHandSideMatrix : [3](-0,-0,-0)[3](0,0,0)

[3,3]((0.584454,-0.302696,-0.281758),(-0.302696,0.58452,-0.281824),(-0.281758,-0.281824,0.563582))rRightHandSideVector : 
rRightHandSideVector : [3](0,0,0)
[3](-0,-0,-0)
[3](-0,-0,-0)rRightHandSideVector : 
[3](-0,-0,-0)ms_temp : 
[3](0,0,0)
rLeftHandSideMatrix : rLeftHandSideMatrix : rLeftHandSideMatrix : rRightHandSideVector : [3,3]((0.580346,-0.294397,-0.285949),(-0.294397,0.580119,-0.285722),(-0.285949,-0.285722,0.571671))
rRightHandSideVector : [3](-0,-0,-0)
[3,3]((0.929309,-0.649277,-0.280032),(-0.649277,0.722645,-0.073368),(-0.280032,-0.073368,0.3534))
rRightHandSideVector : [3,3]((0.691001,-0.45709,-0.233911),(-0.45709,0.664154,-0.207064),(-0.233911,-0.207064,0.440975))rLeftHandSideMatrix : [3](-0,-0,-0)
rRightHandSideVector : 
[3,3]((0.698607,-0.431061,-0.267546),(-0.431061,0.623833,-0.192771),(-0.267546,-0.192771,0.460317))ms_temp : 
rRightHandSideVector : [3](-0,-0,-0)
ms_temp : [3](0,0,0)
[3](-0,-0,-0)
ms_temp : [3](0,0,0)rRightHandSideVector : 
[3](-0,-0,-0)
[3](0,0,0)
[3](-0,-0,-0)rLeftHandSideMatrix
 : ms_temp : rRightHandSideVectorrRightHandSideVector :  : [3,3]((0.580276,-0.294253,-0.286023),(-0.294253,0.580042,-0.28579),(-0.286023,-0.28579,0.571813))
[3](-0,-0,-0)
rRightHandSideVector : [3](-0,-0,-0)
rLeftHandSideMatrix : [3](0,0,0)
[3,3]((0.5799,-0.293952,-0.285947),(-0.293952,0.580114,-0.286162),(-0.285947,-0.286162,0.572109))[3](-0,-0,-0)
rRightHandSideVector : 
ms_temp : rLeftHandSideMatrix : rRightHandSideVector[3](0,0,0)
 : [3,3]((0.750427,-0.44078,-0.309647),(-0.44078,0.592046,-0.151266),(-0.309647,-0.151266,0.460912))[3](-0,-0,-0)
[3](-0,-0,-0)
rRightHandSideVector : rRightHandSideVector : 
[3](-0,-0,-0)
ms_temp : rLeftHandSideMatrix : [3](-0,-0,-0)[3](0,0,0)
ms_temp : 
[3,3]((0.610873,-0.389342,-0.221531),(-0.389342,0.657399,-0.268057),(-0.221531,-0.268057,0.489588))
rRightHandSideVector : rRightHandSideVector[3](0,0,0) : 
[3](-0,-0,-0)
[3](-0,-0,-0)
ms_temp : rLeftHandSideMatrix : rLeftHandSideMatrix : rRightHandSideVector : [3](0,0,0)
[3](-0,-0,-0)
[3,3]((0.589416,-0.277251,-0.312165),(-0.277251,0.554563,-0.277311),(-0.312165,-0.277311,0.589476))rRightHandSideVector : 
[3](-0,-0,-0)rRightHandSideVector : 
[3,3]((0.486363,-0.162125,-0.324238),(-0.162125,0.568062,-0.405937),(-0.324238,-0.405937,0.730175))
rRightHandSideVector : [3](-0,-0,-0)
ms_temp : rLeftHandSideMatrix : rLeftHandSideMatrix[3](0,0,0)
 : [3,3]((0.502472,-0.327283,-0.175189),(-0.327283,0.710714,-0.383431),(-0.175189,-0.383431,0.55862))[3](-0,-0,-0)
rRightHandSideVector : rRightHandSideVector : 
ms_temp : [3,3]((0.578151,-0.290105,-0.288046),(-0.290105,0.577982,-0.287877),(-0.288046,-0.287877,0.575923))
rRightHandSideVector : [3](-0,-0,-0)
[3](0,0,0)
[3](-0,-0,-0)rLeftHandSideMatrix
ms_temp :  : rRightHandSideVector : [3](-0,-0,-0)
[3](0,0,0)ms_temp : 
[3,3]((0.589391,-0.312268,-0.277123),(-0.312268,0.589611,-0.277343),(-0.277123,-0.277343,0.554466))
rRightHandSideVector : [3](0,0,0)rRightHandSideVector : 
[3](-0,-0,-0)
[3](-0,-0,-0)
ms_temp : [3](-0,-0,-0)
rLeftHandSideMatrix : rRightHandSideVector : [3](0,0,0)
rLeftHandSideMatrix[3](-0,-0,-0) : 
[3,3]((0.479649,-0.254195,-0.225455),(-0.254195,0.655927,-0.401732),(-0.225455,-0.401732,0.627187))
rRightHandSideVector : rRightHandSideVector : [3,3]((0.469287,-0.118583,-0.350704),(-0.118583,0.562687,-0.444105),(-0.350704,-0.444105,0.794809))rLeftHandSideMatrix : [3](-0,-0,-0)
rRightHandSideVector : 
[3,3]((0.526872,-0.230664,-0.296207),(-0.230664,0.575484,-0.344819),(-0.296207,-0.344819,0.641027))ms_temp : 
rRightHandSideVector : [3](-0,-0,-0)
ms_temp : [3](0,0,0)
[3](-0,-0,-0)
ms_temp : [3](0,0,0)rRightHandSideVector : 
[3](-0,-0,-0)
[3](0,0,0)
[3](-0,-0,-0)
rLeftHandSideMatrixrRightHandSideVector :  : rRightHandSideVector : [3](-0,-0,-0)
[3,3]((0.377348,-0.168865,-0.208483),(-0.168865,0.738086,-0.569221),(-0.208483,-0.569221,0.777704))
rRightHandSideVector : rLeftHandSideMatrix : [3](-0,-0,-0)[3](-0,-0,-0)
ms_temp : 
[3,3]((0.582332,-0.251016,-0.331316),(-0.251016,0.53751,-0.286494),(-0.331316,-0.286494,0.61781))
rRightHandSideVector : rLeftHandSideMatrix : rLeftHandSideMatrix : [3](0,0,0)[3](-0,-0,-0)

ms_temp : [3,3]((0.591199,-0.460801,-0.130399),(-0.460801,0.782032,-0.321232),(-0.130399,-0.321232,0.451631))
rRightHandSideVector : [3,3]((0.741877,-0.381439,-0.360438),(-0.381439,0.533101,-0.151662),(-0.360438,-0.151662,0.512101))
rRightHandSideVector : [3](0,0,0)
[3](-0,-0,-0)
ms_temp : [3](-0,-0,-0)rRightHandSideVector : 
[3](-0,-0,-0)
[3](0,0,0)
rRightHandSideVectorrLeftHandSideMatrix :  : ms_temp : [3](0,0,0)[3](-0,-0,-0)

[3,3]((0.56302,-0.303196,-0.259824),(-0.303196,0.60731,-0.304114),(-0.259824,-0.304114,0.563938))rRightHandSideVector : 
rRightHandSideVector : rRightHandSideVector : rLeftHandSideMatrix : [3](-0,-0,-0)[3](-0,-0,-0)
[3](-0,-0,-0)

rLeftHandSideMatrix : ms_temp : [3,3]((0.869778,-0.465173,-0.404606),(-0.465173,0.536212,-0.0710394),(-0.404606,-0.0710394,0.475645))
rRightHandSideVector : [3,3]((0.448379,-0.333703,-0.114676),(-0.333703,0.80592,-0.472218),(-0.114676,-0.472218,0.586894))rLeftHandSideMatrix
rRightHandSideVector :  : [3](0,0,0)[3](-0,-0,-0)
ms_temp : 
[3](-0,-0,-0)
ms_temp : [3,3]((0.494388,-0.110189,-0.384199),(-0.110189,0.530234,-0.420045),(-0.384199,-0.420045,0.804244))rRightHandSideVector : 
rRightHandSideVector : [3](0,0,0)
[3](-0,-0,-0)
[3](-0,-0,-0)rRightHandSideVector : 
[3](-0,-0,-0)
rLeftHandSideMatrix : ms_temp : [3](0,0,0)
[3](0,0,0)
rLeftHandSideMatrix : [3,3]((0.602071,-0.335304,-0.266767),(-0.335304,0.60197,-0.266666),(-0.266767,-0.266666,0.533433))
[3,3]((0.493675,-0.152805,-0.34087),(-0.152805,0.553703,-0.400898),(-0.34087,-0.400898,0.741768))rRightHandSideVector : 
[3](-0,-0,-0)
ms_temp : rRightHandSideVector : [3](0,0,0)
[3](-0,-0,-0)
rRightHandSideVector : rRightHandSideVector : rRightHandSideVector : [3](-0,-0,-0)
[3](-0,-0,-0)
ms_temp : rLeftHandSideMatrixrLeftHandSideMatrix :  : [3](-0,-0,-0)[3](0,0,0)

[3,3]((0.589467,-0.31199,-0.277477),(-0.31199,0.589241,-0.277251),(-0.277477,-0.277251,0.554727))rRightHandSideVector : 
[3,3]((0.702443,-0.349487,-0.352956),(-0.349487,0.529781,-0.180295),(-0.352956,-0.180295,0.533251))[3](-0,-0,-0)
rLeftHandSideMatrix : rRightHandSideVector : 
[3,3]((0.582326,-0.285032,-0.297294),(-0.285032,0.568828,-0.283796),(-0.297294,-0.283796,0.58109))
rRightHandSideVector : rRightHandSideVector : [3](-0,-0,-0)[3](-0,-0,-0)
[3](-0,-0,-0)ms_temp : 

ms_temp : [3](0,0,0)
rRightHandSideVector : [3](0,0,0)
rLeftHandSideMatrix : ms_temp : [3](0,0,0)
rRightHandSideVector : [3,3]((0.5789,-0.287108,-0.291792),(-0.287108,0.574246,-0.287138),(-0.291792,-0.287138,0.57893))
[3](-0,-0,-0)
[3](-0,-0,-0)
rRightHandSideVector : rRightHandSideVectorrLeftHandSideMatrix :  : [3](-0,-0,-0)[3](-0,-0,-0)rLeftHandSideMatrix
 : ms_temp : 
[3](0,0,0)
[3,3]((0.608554,-0.285511,-0.323043),(-0.285511,0.544761,-0.25925),(-0.323043,-0.25925,0.582293))
rRightHandSideVector : [3,3]((0.565243,-0.289464,-0.27578),(-0.289464,0.590523,-0.301059),(-0.27578,-0.301059,0.576839))rRightHandSideVector : 
rRightHandSideVector : rLeftHandSideMatrix : [3](-0,-0,-0)[3](-0,-0,-0)
ms_temp : 
ms_temp : [3,3]((0.611353,-0.675098,0.0637456),(-0.675098,1.15442,-0.479322),(0.0637456,-0.479322,0.415576))
rRightHandSideVector : [3](0,0,0)
[3](0,0,0)
[3](-0,-0,-0)rRightHandSideVector : 
ms_temp : [3](-0,-0,-0)
[3](0,0,0)
rRightHandSideVector : [3](-0,-0,-0)
rRightHandSideVectorrLeftHandSideMatrix :  : [3](-0,-0,-0)
[3](-0,-0,-0)rLeftHandSideMatrix : [3,3]((0.53588,-0.255602,-0.280278),(-0.255602,0.588438,-0.332836),(-0.280278,-0.332836,0.613114))

rRightHandSideVector : [3,3]((0.538901,-0.290035,-0.248866),(-0.290035,0.620003,-0.329968),(-0.248866,-0.329968,0.578834))
rRightHandSideVector : rLeftHandSideMatrix : [3](-0,-0,-0)[3](-0,-0,-0)
ms_temp : 
ms_temp : rLeftHandSideMatrix : [3,3]((0.584121,-0.302051,-0.282071),(-0.302051,0.584184,-0.282134),(-0.282071,-0.282134,0.564204))[3](0,0,0)

rRightHandSideVector : [3,3]((0.583302,-0.282901,-0.300401),(-0.282901,0.565801,-0.282901),(-0.300401,-0.282901,0.583302))rRightHandSideVector : 
rRightHandSideVector : [3](0,0,0)
[3](-0,-0,-0)
[3](-0,-0,-0)rRightHandSideVector : 
ms_temp : [3](-0,-0,-0)
[3](0,0,0)
rLeftHandSideMatrix : [3](-0,-0,-0)
rRightHandSideVector : ms_temp : rLeftHandSideMatrix : [3,3]((0.604516,-0.339633,-0.264883),(-0.339633,0.604369,-0.264735),(-0.264883,-0.264735,0.529619))
rRightHandSideVector : [3](-0,-0,-0)[3,3]((0.545211,-0.197206,-0.348005),(-0.197206,0.529868,-0.332662),(-0.348005,-0.332662,0.680668))

rLeftHandSideMatrix : [3,3]((0.583302,-0.300401,-0.282901),(-0.300401,0.583302,-0.282901),(-0.282901,-0.282901,0.565801))
rRightHandSideVector : rRightHandSideVector : [3](-0,-0,-0)
ms_temp : [3](-0,-0,-0)
ms_temp : [3](-0,-0,-0)
ms_temp : [3](0,0,0)
[3](0,0,0)
[3](0,0,0)rRightHandSideVector : 
[3](-0,-0,-0)
rRightHandSideVector : rRightHandSideVector : [3](-0,-0,-0)
[3](0,0,0)rLeftHandSideMatrix
 : [3,3]((0.528693,-0.335949,-0.192744),(-0.335949,0.686338,-0.350389),(-0.192744,-0.350389,0.543132))
[3](-0,-0,-0)rRightHandSideVector : rLeftHandSideMatrix
 : rRightHandSideVector : [3](-0,-0,-0)
ms_temp : rLeftHandSideMatrix : [3,3]((0.745123,-0.569164,-0.175959),(-0.569164,0.770272,-0.201108),(-0.175959,-0.201108,0.377067))
rRightHandSideVector : [3](-0,-0,-0)[3,3]((0.659886,-0.386192,-0.273695),(-0.386192,0.604868,-0.218676),(-0.273695,-0.218676,0.492371))[3](0,0,0)

rRightHandSideVector : [3](-0,-0,-0)
ms_temp : 
[3](-0,-0,-0)
ms_temp : [3](0,0,0)rRightHandSideVector : 
[3](-0,-0,-0)
[3](0,0,0)rRightHandSideVector : 
[3](-0,-0,-0)
rLeftHandSideMatrixrRightHandSideVector :  : [3](-0,-0,-0)
[3,3]((0.607376,-0.303367,-0.304009),(-0.303367,0.56313,-0.259763),(-0.304009,-0.259763,0.563772))
rRightHandSideVector : rLeftHandSideMatrix : [3](-0,-0,-0)rLeftHandSideMatrix
ms_temp :  : [3](0,0,0)[3,3]((0.583302,-0.282901,-0.300401),(-0.282901,0.565801,-0.282901),(-0.300401,-0.282901,0.583302))rLeftHandSideMatrix

rRightHandSideVector : [3](-0,-0,-0)
 : ms_temp : [3,3]((0.578947,-0.291965,-0.286982),(-0.291965,0.579057,-0.287092),(-0.286982,-0.287092,0.574074))
rRightHandSideVector : [3](0,0,0)
[3,3]((0.77349,-0.362706,-0.410785),(-0.362706,0.493291,-0.130585),(-0.410785,-0.130585,0.541369))
rRightHandSideVectorrRightHandSideVector :  : [3](-0,-0,-0)rRightHandSideVector
[3](-0,-0,-0)[3](-0,-0,-0)ms_temp
 : [3](0,0,0)
 : 
[3](-0,-0,-0)
ms_temp : rLeftHandSideMatrix : rRightHandSideVector : [3](0,0,0)
rLeftHandSideMatrix : [3](-0,-0,-0)
[3,3]((0.583302,-0.300401,-0.282901),(-0.300401,0.583302,-0.282901),(-0.282901,-0.282901,0.565801))[3,3]((0.608451,-0.358735,-0.249716),(-0.358735,0.622385,-0.26365),(-0.249716,-0.26365,0.513366))
rRightHandSideVector : 
rRightHandSideVector : [3](-0,-0,-0)
ms_temp : rLeftHandSideMatrix : rRightHandSideVector[3](0,0,0)
 : [3,3]((0.578872,-0.291992,-0.28688),(-0.291992,0.579159,-0.287167),(-0.28688,-0.287167,0.574048))[3](-0,-0,-0)
[3](-0,-0,-0)
rRightHandSideVector : rRightHandSideVector : 
[3](-0,-0,-0)rLeftHandSideMatrixms_temp[3](-0,-0,-0) :  : 

[3](0,0,0)ms_temp : 
[3](0,0,0)
[3,3]((0.578988,-0.291979,-0.287009),(-0.291979,0.579031,-0.287051),(-0.287009,-0.287051,0.57406))
rRightHandSideVector : rRightHandSideVector : rRightHandSideVector : [3](-0,-0,-0)
rLeftHandSideMatrix : [3](-0,-0,-0)
ms_temp : [3,3]((0.583402,-0.300465,-0.282937),(-0.300465,0.583267,-0.282802),(-0.282937,-0.282802,0.565739))
[3](0,0,0)
rLeftHandSideMatrix : rRightHandSideVector : [3](-0,-0,-0)
[3,3]((0.743862,-0.26299,-0.480872),(-0.26299,0.429063,-0.166073),(-0.480872,-0.166073,0.646945))
rRightHandSideVector : [3](-0,-0,-0)
ms_temp : rRightHandSideVector : [3](-0,-0,-0)[3](0,0,0)
[3](-0,-0,-0)
rLeftHandSideMatrix : 
ms_temp : rRightHandSideVector : rLeftHandSideMatrix : [3,3]((0.578815,-0.291628,-0.287188),(-0.291628,0.578849,-0.287221),(-0.287188,-0.287221,0.574409))
rRightHandSideVector : [3](0,0,0)[3,3]((0.578916,-0.291774,-0.287142),(-0.291774,0.578896,-0.287122),(-0.287142,-0.287122,0.574264))
rRightHandSideVector : 
[3](-0,-0,-0)
ms_temp : [3](-0,-0,-0)rRightHandSideVector : 
[3](-0,-0,-0)ms_temp : 
[3](0,0,0)
[3](-0,-0,-0)
rLeftHandSideMatrix : [3](0,0,0)rRightHandSideVector : 
[3](-0,-0,-0)
rLeftHandSideMatrix : [3,3]((0.647232,-0.489741,-0.157492),(-0.489741,0.756832,-0.267091),(-0.157492,-0.267091,0.424583))
[3,3]((0.589276,-0.312067,-0.277209),(-0.312067,0.589513,-0.277446),(-0.277209,-0.277446,0.554655))rRightHandSideVector : 
[3](-0,-0,-0)rRightHandSideVector : 
[3](-0,-0,-0)
ms_temp : rRightHandSideVector : [3](0,0,0)ms_temp
[3](-0,-0,-0)
rLeftHandSideMatrix :  : rRightHandSideVector : [3](-0,-0,-0)[3](0,0,0)

[3,3]((0.578914,-0.287126,-0.291788),(-0.287126,0.57425,-0.287124),(-0.291788,-0.287124,0.578912))rLeftHandSideMatrix : 
rRightHandSideVector : rLeftHandSideMatrixrRightHandSideVector :  : [3,3]((0.457676,-0.287122,-0.170553),(-0.287122,0.726365,-0.439242),(-0.170553,-0.439242,0.609795))
[3](-0,-0,-0)rRightHandSideVector : 
[3](-0,-0,-0)[3,3]((0.583302,-0.282901,-0.300401),(-0.282901,0.565801,-0.282901),(-0.300401,-0.282901,0.583302))
ms_temp : 
rLeftHandSideMatrixrRightHandSideVector[3](0,0,0) : [3](-0,-0,-0)
[3](-0,-0,-0)
ms_temp :  : [3](0,0,0)
ms_temp : 
rRightHandSideVector : [3,3]((0.398182,-0.287184,-0.110998),(-0.287184,0.834982,-0.547798),(-0.110998,-0.547798,0.658796))
rRightHandSideVector : rRightHandSideVector : [3](0,0,0)
[3](-0,-0,-0)
[3](-0,-0,-0)rRightHandSideVector : 
[3](-0,-0,-0)ms_temp : 
[3](0,0,0)
rLeftHandSideMatrix : [3](-0,-0,-0)
rRightHandSideVector : rLeftHandSideMatrix : [3,3]((0.824929,-0.638556,-0.186372),(-0.638556,0.797347,-0.158791),(-0.186372,-0.158791,0.345163))
rRightHandSideVector : [3](-0,-0,-0)
[3,3]((0.578912,-0.291788,-0.287124),(-0.291788,0.578914,-0.287126),(-0.287124,-0.287126,0.57425))
rRightHandSideVector : [3](-0,-0,-0)rLeftHandSideMatrix
 : ms_temp : rLeftHandSideMatrix : [3](-0,-0,-0)[3,3]((0.472104,-0.146308,-0.325795),(-0.146308,0.574887,-0.428578),(-0.325795,-0.428578,0.754373))[3](0,0,0)

ms_temp : rRightHandSideVector : 
[3](-0,-0,-0)
ms_temp : [3,3]((0.583301,-0.300399,-0.282902),(-0.300399,0.583301,-0.282902),(-0.282902,-0.282902,0.565803))
rRightHandSideVector : [3](0,0,0)
rRightHandSideVector : [3](0,0,0)
[3](-0,-0,-0)
[3](-0,-0,-0)rRightHandSideVector
ms_temp :  : rLeftHandSideMatrix : rRightHandSideVector : [3](0,0,0)
[3](-0,-0,-0)
[3](-0,-0,-0)
[3,3]((0.751415,-0.287665,-0.46375),(-0.287665,0.442833,-0.155168),(-0.46375,-0.155168,0.618918))
rRightHandSideVector : rRightHandSideVector : rLeftHandSideMatrix : rLeftHandSideMatrix : [3](-0,-0,-0)
[3,3]((0.578896,-0.287122,-0.291774),(-0.287122,0.574264,-0.287142),(-0.291774,-0.287142,0.578916))ms_temp : 
[3](0,0,0)
[3](-0,-0,-0)
[3,3]((0.559827,-0.280062,-0.279765),(-0.280062,0.586672,-0.30661),(-0.279765,-0.30661,0.586374))rRightHandSideVector : 
rRightHandSideVector : rRightHandSideVector : [3](-0,-0,-0)rLeftHandSideMatrix : 
[3](-0,-0,-0)
ms_temp : [3,3]((0.578849,-0.291628,-0.287221),(-0.291628,0.578815,-0.287188),(-0.287221,-0.287188,0.574409))
rRightHandSideVector : [3](-0,-0,-0)
ms_temp : [3](0,0,0)
[3](-0,-0,-0)
ms_temp : [3](0,0,0)rRightHandSideVector : 
[3](-0,-0,-0)
[3](0,0,0)
rLeftHandSideMatrix : rRightHandSideVectorrLeftHandSideMatrix :  : [3](-0,-0,-0)rRightHandSideVector : 
[3](-0,-0,-0)
[3,3]((0.576156,-0.301723,-0.274433),(-0.301723,0.591917,-0.290195),(-0.274433,-0.290195,0.564628))
[3,3]((0.563532,-0.255279,-0.308253),(-0.255279,0.559272,-0.303992),(-0.308253,-0.303992,0.612245))rRightHandSideVector : 
rLeftHandSideMatrix : rRightHandSideVector : rLeftHandSideMatrix : [3,3]((0.578814,-0.291628,-0.287186),(-0.291628,0.578851,-0.287222),(-0.287186,-0.287222,0.574408))
rRightHandSideVector : [3](-0,-0,-0)
ms_temp : [3](-0,-0,-0)
ms_temp : [3](-0,-0,-0)
ms_temp : [3](0,0,0)
[3](0,0,0)
[3](0,0,0)rRightHandSideVector : 
[3](-0,-0,-0)
[3,3]((0.836334,-0.47308,-0.363254),(-0.47308,0.566525,-0.0934457),(-0.363254,-0.0934457,0.4567))
rRightHandSideVector : rRightHandSideVectorrLeftHandSideMatrix :  : rRightHandSideVector : [3](-0,-0,-0)
[3](-0,-0,-0)ms_temp : 
[3](0,0,0)
[3](-0,-0,-0)
[3,3]((0.567805,0.0024595,-0.570264),(0.0024595,0.440303,-0.442762),(-0.570264,-0.442762,1.01303))rRightHandSideVector : 
rRightHandSideVector : rLeftHandSideMatrix : rLeftHandSideMatrix : [3](-0,-0,-0)
[3](-0,-0,-0)[3,3]((0.579805,-0.309674,-0.270131),(-0.309674,0.596576,-0.286902),(-0.270131,-0.286902,0.557033))
[3,3]((0.583132,-0.282901,-0.300231),(-0.282901,0.565966,-0.283066),(-0.300231,-0.283066,0.583297))ms_temp : 
rRightHandSideVector : 
rRightHandSideVector : [3](0,0,0)
[3](-0,-0,-0)
ms_temp : [3](-0,-0,-0)rRightHandSideVector : 
ms_temp : [3](-0,-0,-0)
[3](0,0,0)
rLeftHandSideMatrix : [3](0,0,0)
rLeftHandSideMatrix : rRightHandSideVector : [3,3]((0.592155,-0.297415,-0.294739),(-0.297415,0.571567,-0.274151),(-0.294739,-0.274151,0.568891))
rRightHandSideVector : rRightHandSideVector : [3](-0,-0,-0)
[3](-0,-0,-0)
ms_temp : [3](-0,-0,-0)
rLeftHandSideMatrix : [3,3]((0.569838,-0.357073,-0.212765),(-0.357073,0.662471,-0.305398),(-0.212765,-0.305398,0.518163))
rLeftHandSideMatrix : rRightHandSideVector : [3,3]((0.592058,-0.296044,-0.296014),(-0.296044,0.570285,-0.274241),(-0.296014,-0.274241,0.570256))[3](0,0,0)
[3](-0,-0,-0)rRightHandSideVector : 
[3](-0,-0,-0)
ms_temp : [3,3]((0.517351,-0.197972,-0.31938),(-0.197972,0.558987,-0.361016),(-0.31938,-0.361016,0.680395))
rRightHandSideVector : 
ms_temp : [3](0,0,0)
rRightHandSideVector : [3](-0,-0,-0)
ms_temp : [3](0,0,0)rRightHandSideVector : 
[3](-0,-0,-0)
[3](0,0,0)
[3](-0,-0,-0)
