 |  /           |             
 ' /   __| _` | __|  _ \   __|
 . \  |   (   | |   (   |\__ \ 
_|\_\_|  \__,_|\__|\___/ ____/
           Multi-Physics 3.3.11098
Importing    KratosPureDiffusionApplication
Initializing KratosPureDiffusionApplication... 
[ "PureGid" ] 
[ Opened for IO: .node, .prop, .elem, .cond, .init  ]
  [Reading Nodes    : 206 nodes read]
  [Reading Elements : 352 elements read] [Type: Poisson2D]
  [Total Lines Read : 607]
PureDiffusionPart model part
    Buffer Size : 1
    Number of tables : 0
    Current solution step index : 0

    Mesh 0 : 
    Number of Nodes      : 206
    Number of Properties : 1
    Number of Elements   : 352
    Number of Conditions : 1

variables for the Poisson solver added correctly
about to solve!
rRightHandSideVectorrRightHandSideVectorrRightHandSideVector :  :  : rRightHandSideVector : [0]()
[0]()
[0]()
rLeftHandSideMatrix : rLeftHandSideMatrix : rLeftHandSideMatrix : [0]()
[3,3]((16.4376,-11.1346,-5.30294),(-11.1346,13.6261,-2.49147),(-5.30294,-2.49147,7.79441))
rRightHandSideVector : [3](-0,-0,-0)
ms_temp : rLeftHandSideMatrix : [3](0,0,0)
[3,3]((22.0567,-11.0519,-11.0048),(-11.0519,10.0715,0.980396),(-11.0048,0.980396,10.0244))[3,3]((11.3556,-5.79243,-5.56313),(-5.79243,11.761,-5.96853),(-5.56313,-5.96853,11.5317))
[3,3]((11.5474,-5.77369,-5.77375),(-5.77369,11.5468,-5.77307),(-5.77375,-5.77307,11.5468))
rRightHandSideVector : 
rRightHandSideVector : rRightHandSideVector : [3](-0,-0,-0)
[3](-0,-0,-0)
ms_temp : [3](0,0,0)
rRightHandSideVectorrLeftHandSideMatrix :  : [3,3]((10.455,-5.4866,-4.96844),(-5.4866,12.444,-6.95742),(-4.96844,-6.95742,11.9259))
rRightHandSideVector : [3](-550.239,49.0198,501.22)[3](-0,-0,-0)
ms_temp : [3](0,0,0)
[3](-0,-0,-0)
ms_temp : rRightHandSideVector : 
[3](-0,-0,-0)ms_temp : 
rRightHandSideVector : [3](0,0,0)
[3](-0,-0,-0)rLeftHandSideMatrix : [3](50,50,0)
[3,3]((12.107,-6.82559,-5.28145),(-6.82559,12.1077,-5.28213),(-5.28145,-5.28213,10.5636))
rRightHandSideVector : rRightHandSideVector : 
[3](-0,-0,-0)rLeftHandSideMatrix : [3](-0,-0,-0)

ms_temp : [3,3]((11.5473,-5.7727,-5.77464),(-5.7727,11.5459,-5.77317),(-5.77464,-5.77317,11.5478))
rRightHandSideVector : rRightHandSideVector : [3](-0,-0,-0)[3](0,0,0)
rLeftHandSideMatrix : ms_temp : 
[3](0,0,0)[3](-550.239,49.0198,501.22)
[3,3]((12.398,-9.19853,-3.1995),(-9.19853,14.8905,-5.69198),(-3.1995,-5.69198,8.89148))

rRightHandSideVector : rRightHandSideVector : [3](-0,-0,-0)
rRightHandSideVectorms_temp :  : [3](-0,-0,-0)
[3](-0,-0,-0)
[3](0,0,0)
rLeftHandSideMatrix : rLeftHandSideMatrix : rLeftHandSideMatrix : rRightHandSideVector : [3,3]((11.6688,-6.01334,-5.65547),(-6.01334,11.6687,-5.65539),(-5.65547,-5.65539,11.3109))
[3,3]((17.0747,-11.8816,-5.19314),(-11.8816,14.1245,-2.24291),(-5.19314,-2.24291,7.43606))rRightHandSideVector : [3,3]((17.1342,-11.1623,-5.97189),(-11.1623,13.1081,-1.9458),(-5.97189,-1.9458,7.91769))
[3](-282.774,-282.769,565.543)rRightHandSideVector : 
ms_temp[3](-0,-0,-0) : 
[3](50,50,0)
rRightHandSideVector
[3](-0,-0,-0) : 
[3](-0,-0,-0)
ms_temp : ms_temp : rRightHandSideVectorrLeftHandSideMatrix :  : [3](0,0,0)
[3](0,0,0)[3](-282.774,-282.769,565.543)

rRightHandSideVector : [3,3]((8.57783,-3.99522,-4.58261),(-3.99522,13.5188,-9.52356),(-4.58261,-9.52356,14.1062))
rRightHandSideVector : rLeftHandSideMatrixrRightHandSideVector :  : [3](-0,-0,-0)[3](-0,-0,-0)
[3](-0,-0,-0)
ms_temp[3,3]((10.5643,-9.81066,-0.75359),(-9.81066,18.5767,-8.76605),(-0.75359,-8.76605,9.51964)) : 
rRightHandSideVector : [3](0,0,0)
rLeftHandSideMatrix : [3](-37.6795,-438.303,475.982)

ms_temp : [3](50,50,0)
[3,3]((13.3663,-7.51866,-5.84763),(-7.51866,11.7108,-4.19216),(-5.84763,-4.19216,10.0398))
rRightHandSideVector : rRightHandSideVector : rRightHandSideVector : [3](-0,-0,-0)
rLeftHandSideMatrix[3](-0,-0,-0)
ms_temp : [3](-37.6795,-438.303,475.982)
rLeftHandSideMatrix :  : [3](0,0,0)
[3,3]((11.5465,-5.77288,-5.77361),(-5.77288,11.5469,-5.77402),(-5.77361,-5.77402,11.5476))
[3,3]((11.0633,-5.04004,-6.02324),(-5.04004,11.335,-6.29494),(-6.02324,-6.29494,12.3182))rRightHandSideVector : 
[3](-0,-0,-0)
ms_temp : rRightHandSideVector : rRightHandSideVector[3](0,0,0)
[3](-0,-0,-0)
rLeftHandSideMatrix :  : rRightHandSideVector : [3](-0,-0,-0)[3](-0,-0,-0)
[3,3]((11.6689,-6.0113,-5.65763),(-6.0113,11.6665,-5.65522),(-5.65763,-5.65522,11.3128))
rRightHandSideVector : rLeftHandSideMatrix : ms_temp[3](-282.881,-282.761,565.642) : 
ms_temp : 
[3](0,0,0)[3](50,50,0)

[3,3]((9.97639,-4.27574,-5.70065),(-4.27574,11.8562,-7.58045),(-5.70065,-7.58045,13.2811))
rRightHandSideVector : rRightHandSideVector : rRightHandSideVector : rLeftHandSideMatrix : [3](-0,-0,-0)
ms_temp : [3](-0,-0,-0)[3](-282.881,-282.761,565.642)
[3,3]((11.5469,-5.77407,-5.77283),(-5.77407,11.5477,-5.77361),(-5.77283,-5.77361,11.5464))

rRightHandSideVector : rLeftHandSideMatrix : [3](0,0,0)
[3](-0,-0,-0)[3,3]((12.2888,-9.12725,-3.16152),(-9.12725,14.9166,-5.78936),(-3.16152,-5.78936,8.95088))

rLeftHandSideMatrix : ms_temp : [3](0,0,0)
[3,3]((11.6665,-6.01017,-5.65629),(-6.01017,11.6678,-5.65766),(-5.65629,-5.65766,11.3139))
rRightHandSideVector : rRightHandSideVector : rRightHandSideVector : rRightHandSideVector : [3](-282.814,-282.883,565.697)
ms_temp : [3](-0,-0,-0)
[3](50,50,0)
[3](-0,-0,-0)
rRightHandSideVector : ms_temp : [3](-0,-0,-0)rLeftHandSideMatrix : 
[3](0,0,0)
[3,3]((12.8897,-8.65504,-4.23471),(-8.65504,13.5697,-4.91464),(-4.23471,-4.91464,9.14935))[3](-282.814,-282.883,565.697)
rRightHandSideVector : rLeftHandSideMatrix : 
[3](-0,-0,-0)
ms_temp : rRightHandSideVector : [3,3]((13.4464,-10.4787,-2.96771),(-10.4787,15.6029,-5.12421),(-2.96771,-5.12421,8.09192))[3](0,0,0)
[3](-0,-0,-0)
rLeftHandSideMatrix : 
rRightHandSideVector : rRightHandSideVector : rLeftHandSideMatrix : [3](-0,-0,-0)[3,3]((19.1033,-9.72733,-9.37597),(-9.72733,10.1878,-0.460489),(-9.37597,-0.460489,9.83646))
ms_temp : 
[3,3]((11.6175,-6.43977,-5.17775),(-6.43977,12.1774,-5.73759),(-5.17775,-5.73759,10.9153))rRightHandSideVector : 
rRightHandSideVector : [3](-0,-0,-0)
[3](-0,-0,-0)
ms_temp : [3](-0,-0,-0)
ms_temp : [3](0,0,0)
[3](0,0,0)
[3](0,0,0)rRightHandSideVector : 
rLeftHandSideMatrix[3](-0,-0,-0) : 
rRightHandSideVector : rRightHandSideVector : [3,3]((13.8799,-10.1471,-3.73283),(-10.1471,14.6228,-4.47575),(-3.73283,-4.47575,8.20857))
rLeftHandSideMatrix : rRightHandSideVector : [3](-0,-0,-0)
[3](-0,-0,-0)[3,3]((14.9953,-9.14161,-5.8537),(-9.14161,12.2418,-3.10015),(-5.8537,-3.10015,8.95385))
rRightHandSideVector : 
rLeftHandSideMatrix : [3](-0,-0,-0)[3](-0,-0,-0)
ms_temp : 
ms_temp : [3,3]((11.6536,-5.98384,-5.66975),(-5.98384,11.6536,-5.66977),(-5.66975,-5.66977,11.3395))
[3](0,0,0)[3](0,0,0)rRightHandSideVector : 
[3](-0,-0,-0)
ms_temp : rLeftHandSideMatrix : 
[3](0,0,0)
rRightHandSideVector : [3,3]((17.43,-9.00693,-8.42308),(-9.00693,10.3915,-1.38462),(-8.42308,-1.38462,9.8077))rRightHandSideVector : 
[3](-0,-0,-0)rRightHandSideVector : 
[3](-0,-0,-0)
ms_temp : [3](-0,-0,-0)
rLeftHandSideMatrix : rRightHandSideVector : [3](0,0,0)
[3](-0,-0,-0)
[3,3]((15.9423,-11.1323,-4.81004),(-11.1323,14.0461,-2.91383),(-4.81004,-2.91383,7.72387))
rRightHandSideVector : rLeftHandSideMatrix : rLeftHandSideMatrix : rRightHandSideVector : [3](-0,-0,-0)
ms_temp : [3](-0,-0,-0)
[3,3]((11.5469,-5.7736,-5.77331),(-5.7736,11.5472,-5.7736),(-5.77331,-5.7736,11.5469))[3,3]((14.4832,-9.27122,-5.21203),(-9.27122,12.8394,-3.56813),(-5.21203,-3.56813,8.78016))
rRightHandSideVector : 
rLeftHandSideMatrixrRightHandSideVector :  : [3](-0,-0,-0)[3](0,0,0)
[3](-0,-0,-0)ms_temp : 
[3,3]((10.9512,-3.24814,-7.7031),(-3.24814,10.0948,-6.84665),(-7.7031,-6.84665,14.5497))ms_temp : 
[3](0,0,0)

[3](0,0,0)
rRightHandSideVector : rRightHandSideVector : rRightHandSideVector : [3](-0,-0,-0)
ms_temp : [3](-0,-0,-0)
[3](-0,-0,-0)
rRightHandSideVector : [3](0,0,0)rLeftHandSideMatrix : 
[3](-0,-0,-0)
rLeftHandSideMatrix : [3,3]((18.9597,-11.7856,-7.17412),(-11.7856,12.6004,-0.814817),(-7.17412,-0.814817,7.98894))
rRightHandSideVector : rRightHandSideVector[3,3]((15.369,-8.63075,-6.73829),(-8.63075,11.3533,-2.72259),(-6.73829,-2.72259,9.46087)) : 
rRightHandSideVector : [3](-0,-0,-0)
rLeftHandSideMatrix : [3](-0,-0,-0)
ms_temp : [3](-0,-0,-0)
ms_temp : [3,3]((11.547,-5.77352,-5.7735),(-5.77352,11.547,-5.77349),(-5.7735,-5.77349,11.547))
rRightHandSideVector : [3](0,0,0)
[3](0,0,0)
[3](-0,-0,-0)
ms_temp : rLeftHandSideMatrix : rRightHandSideVector : rRightHandSideVector[3](0,0,0) : 
[3](-0,-0,-0)
[3,3]((12.0173,-6.00151,-6.01581),(-6.00151,11.3185,-5.317),(-6.01581,-5.317,11.3328))
rRightHandSideVector : [3](-0,-0,-0)
rRightHandSideVector : [3](-0,-0,-0)
ms_temp : rLeftHandSideMatrix : rLeftHandSideMatrix : [3](-0,-0,-0)[3](0,0,0)

[3,3]((11.6665,-5.65542,-6.01111),(-5.65542,11.313,-5.65761),(-6.01111,-5.65761,11.6687))[3,3]((14.5445,-9.1705,-5.37397),(-9.1705,12.6576,-3.4871),(-5.37397,-3.4871,8.86107))
rRightHandSideVector : 
rLeftHandSideMatrix : [3](282.771,-565.651,282.88)
ms_temp : rRightHandSideVector : [3](0,50,0)
[3](-0,-0,-0)
ms_temp : [3,3]((11.547,-5.77359,-5.77343),(-5.77359,11.5471,-5.77348),(-5.77343,-5.77348,11.5469))
rRightHandSideVector : [3](0,0,0)
rRightHandSideVector : rRightHandSideVector : [3](-0,-0,-0)
ms_temp : [3](282.771,-565.651,282.88)[3](-0,-0,-0)

rRightHandSideVector : [3](0,0,0)
[3](-0,-0,-0)
rLeftHandSideMatrix : rLeftHandSideMatrix : rRightHandSideVector : [3,3]((11.6687,-6.01111,-5.65761),(-6.01111,11.6665,-5.65542),(-5.65761,-5.65542,11.313))
rRightHandSideVector : [3](-0,-0,-0)
rLeftHandSideMatrix : [3](-0,-0,-0)
ms_temp : [3,3]((10.3232,-6.85331,-3.4699),(-6.85331,14.2366,-7.38333),(-3.4699,-7.38333,10.8532))rLeftHandSideMatrix : 
rRightHandSideVector : [3,3]((13.5731,-5.80961,-7.76347),(-5.80961,9.85418,-4.04457),(-7.76347,-4.04457,11.808))
rRightHandSideVector : [3](0,0,0)
[3](-0,-0,-0)
ms_temp : [3](-0,-0,-0)rRightHandSideVector : 
ms_temp : [3,3]((11.548,-5.77445,-5.77352),(-5.77445,11.547,-5.77254),(-5.77352,-5.77254,11.5461))[3](-0,-0,-0)

rRightHandSideVector : [3](0,0,0)
[3](0,0,0)
[3](-0,-0,-0)
ms_temp : rRightHandSideVector : rLeftHandSideMatrix[3](0,0,0) : 
rRightHandSideVector[3](-0,-0,-0)
 : [3,3]((11.6687,-5.65539,-6.01334),(-5.65539,11.3109,-5.65547),(-6.01334,-5.65547,11.6688))
[3](-0,-0,-0)
rRightHandSideVector : [3](282.769,-565.543,282.774)rRightHandSideVector
rLeftHandSideMatrixms_temp :  :  : [3](0,50,0)
[3](-0,-0,-0)rLeftHandSideMatrix : 
[3,3]((18.7603,-10.6537,-8.10657),(-10.6537,11.3805,-0.726798),(-8.10657,-0.726798,8.83337))
rRightHandSideVectorrRightHandSideVector :  : [3,3]((11.7348,-6.14262,-5.59216),(-6.14262,11.7371,-5.59444),(-5.59216,-5.59444,11.1866))
rRightHandSideVector : [3](-0,-0,-0)
[3](-0,-0,-0)
rLeftHandSideMatrixms_temp :  : [3](282.769,-565.543,282.774)ms_temp
 : [3](0,0,0)[3,3]((11.0845,-5.55163,-5.53288),(-5.55163,11.8021,-6.25048),(-5.53288,-6.25048,11.7834))

rLeftHandSideMatrixrRightHandSideVector : rRightHandSideVector :  : [3](0,0,0)[3](-0,-0,-0)

ms_temp : [3,3]((11.6666,-6.01121,-5.65538),(-6.01121,11.6688,-5.65756),(-5.65538,-5.65756,11.3129))
rRightHandSideVector : [3](-0,-0,-0)
[3](0,0,0)
[3](-0,-0,-0)
ms_temp : rRightHandSideVector : rRightHandSideVector : rLeftHandSideMatrix[3](0,0,0) : 
[3](-0,-0,-0)[3](-0,-0,-0)
[3,3]((15.2067,-8.72898,-6.47777),(-8.72898,11.5866,-2.85766),(-6.47777,-2.85766,9.33543))

rRightHandSideVector : rRightHandSideVector : rLeftHandSideMatrix : rLeftHandSideMatrix : [3](-0,-0,-0)
ms_temp : [3](-0,-0,-0)
[3](0,0,0)[3,3]((12.3021,-6.66204,-5.64008),(-6.66204,11.7364,-5.07437),(-5.64008,-5.07437,10.7145))[3,3]((12.1946,-10.6563,-1.53832),(-10.6563,17.5124,-6.85608),(-1.53832,-6.85608,8.3944))

rRightHandSideVector : 
[3](-0,-0,-0)rRightHandSideVector : 
ms_temp : [3](-0,-0,-0)
[3](0,0,0)ms_temp
 : rLeftHandSideMatrix[3](0,0,0)
rRightHandSideVector :  : rRightHandSideVector : [3](-0,-0,-0)
rRightHandSideVector[3,3]((14.5723,-11.0785,-3.49384),(-11.0785,15.2846,-4.20618),(-3.49384,-4.20618,7.70001))
rRightHandSideVector :  : [3](-0,-0,-0)rLeftHandSideMatrix : 
[3](-0,-0,-0)
[3,3]((11.9235,-3.86232,-8.06122),(-3.86232,9.63787,-5.77554),(-8.06122,-5.77554,13.8368))
rRightHandSideVector : [3](553.923,-764.232,210.309)rLeftHandSideMatrix : 
ms_temprLeftHandSideMatrix :  : [3](-0,-0,-0)
ms_temp : [3,3]((11.0072,-5.04879,-5.95845),(-5.04879,11.4007,-6.35191),(-5.95845,-6.35191,12.3104))[3](0,50,0)

rRightHandSideVector : [3](0,0,0)
[3,3]((11.6274,-5.93118,-5.69624),(-5.93118,11.6259,-5.69469),(-5.69624,-5.69469,11.3909))
rRightHandSideVector : rRightHandSideVectorrRightHandSideVector :  : [3](-0,-0,-0)[3](-0,-0,-0)
ms_temp : [3](553.923,-764.232,210.309)

ms_temp : [3](-0,-0,-0)
[3](0,0,0)rLeftHandSideMatrix : 
[3](0,0,0)
rLeftHandSideMatrix : [3,3]((11.5769,-5.83159,-5.74534),(-5.83159,11.5754,-5.7438),(-5.74534,-5.7438,11.4891))
rRightHandSideVector : rRightHandSideVector : [3,3]((11.7359,-5.59256,-6.14334),(-5.59256,11.1859,-5.59335),(-6.14334,-5.59335,11.7367))rRightHandSideVector : 
[3](-0,-0,-0)
rRightHandSideVector : [3](-0,-0,-0)
rLeftHandSideMatrix : [3](-0,-0,-0)
ms_temp : [3](-0,-0,-0)
[3](0,0,0)ms_temp : [3,3]((11.9,-6.75974,-5.14023),(-6.75974,12.2432,-5.4835),(-5.14023,-5.4835,10.6237))
[3](0,0,0)

rRightHandSideVector : rRightHandSideVector : rLeftHandSideMatrixrRightHandSideVector :  : [3](-0,-0,-0)
[3](-0,-0,-0)
ms_temp : [3,3]((15.3302,-11.1186,-4.21164),(-11.1186,14.5871,-3.46849),(-4.21164,-3.46849,7.68013))
rRightHandSideVector : [3](-0,-0,-0)
[3](0,0,0)
[3](-0,-0,-0)
ms_temp : rLeftHandSideMatrixrRightHandSideVector :  : rLeftHandSideMatrix[3](0,0,0) : 
[3](-0,-0,-0)
[3,3]((11.6688,-5.65756,-6.01121),(-5.65756,11.3129,-5.65538),(-6.01121,-5.65538,11.6666))
rRightHandSideVector : rRightHandSideVector : [3,3]((11.3338,-6.01422,-5.31959),(-6.01422,12.0146,-6.00034),(-5.31959,-6.00034,11.3199))
rRightHandSideVector : rLeftHandSideMatrix : [3](-0,-0,-0)[3](-0,-0,-0)
ms_temp : 
ms_temp : [3](-0,-0,-0)
[3,3]((12.7951,-5.92911,-6.86603),(-5.92911,10.5629,-4.63384),(-6.86603,-4.63384,11.4999))
rRightHandSideVector : [3](0,0,0)
[3](0,0,0)
[3](-0,-0,-0)
rRightHandSideVectorms_temp :  : rRightHandSideVector : rLeftHandSideMatrix[3](0,0,0) : 
[3](-0,-0,-0)
[3](-0,-0,-0)
[3,3]((10.2006,-10.1503,-0.0502417),(-10.1503,19.9037,-9.75337),(-0.0502417,-9.75337,9.80362))
rRightHandSideVector : rRightHandSideVector : rLeftHandSideMatrix : rLeftHandSideMatrix : [3](-0,-0,-0)
ms_temp : [3](-0,-0,-0)
[3,3]((11.6688,-6.01334,-5.65547),(-6.01334,11.6687,-5.65539),(-5.65547,-5.65539,11.3109))[3](0,0,0)
rRightHandSideVector : 
rLeftHandSideMatrix : [3](-0,-0,-0)
ms_temp : [3,3]((12.062,-5.31789,-6.74411),(-5.31789,10.6351,-5.31716),(-6.74411,-5.31716,12.0613))
rRightHandSideVector : [3,3]((21.5209,-10.975,-10.5459),(-10.975,10.2436,0.731459),(-10.5459,0.731459,9.81447))
rRightHandSideVector : rRightHandSideVector : [3](0,0,0)[3](-0,-0,-0)
[3](-0,-0,-0)ms_temp : 
[3](0,0,0)

[3](-0,-0,-0)rLeftHandSideMatrix : 
ms_temp : rRightHandSideVector : rRightHandSideVector : [3](0,0,0)[3,3]((14.5952,-11.9846,-2.61067),(-11.9846,16.6924,-4.70786),(-2.61067,-4.70786,7.31853))
[3](-0,-0,-0)
[3](-0,-0,-0)

rRightHandSideVector : rLeftHandSideMatrix : rRightHandSideVectorrLeftHandSideMatrix :  : [3](-0,-0,-0)
ms_temp : [3](-0,-0,-0)
[3,3]((15.9275,-6.6758,-9.25169),(-6.6758,9.07653,-2.40073),(-9.25169,-2.40073,11.6524))
rRightHandSideVector : [3,3]((11.5968,-7.94572,-3.65106),(-7.94572,14.0672,-6.1215),(-3.65106,-6.1215,9.77256))
rLeftHandSideMatrix : rRightHandSideVector : [3](-0,-0,-0)
ms_temp : [3](0,0,0)[3,3]((11.3191,-6.00141,-5.31767),(-6.00141,12.0166,-6.0152),(-5.31767,-6.0152,11.3329))
rRightHandSideVector : 
[3](0,0,0)
[3](-0,-0,-0)
ms_temp : rRightHandSideVectorrRightHandSideVector :  : [3](-0,-0,-0)[3](0,0,0)
[3](-0,-0,-0)[3](-0,-0,-0)


ms_temp : rRightHandSideVector : [3](0,0,0)
[3](-0,-0,-0)
rLeftHandSideMatrix : rRightHandSideVector : [3](-0,-0,-0)
rLeftHandSideMatrix : [3,3]((11.5479,-5.77435,-5.77354),(-5.77435,11.547,-5.77262),(-5.77354,-5.77262,11.5462))
rRightHandSideVector : rLeftHandSideMatrix : [3](-0,-0,-0)
ms_temp : [3,3]((8.17628,-0.628784,-7.5475),(-0.628784,12.2789,-11.6501),(-7.5475,-11.6501,19.1976))
rRightHandSideVector : [3](0,0,0)
rLeftHandSideMatrix : [3,3]((11.0089,-6.26309,-4.74581),(-6.26309,12.6467,-6.38361),(-4.74581,-6.38361,11.1294))
rRightHandSideVector : rRightHandSideVector : [3](-0,-0,-0)
[3](-0,-0,-0)
ms_temp : [3](-0,-0,-0)
[3,3]((12.1415,-6.88702,-5.25446),(-6.88702,12.1428,-5.25573),(-5.25446,-5.25573,10.5102))
rRightHandSideVector : [3](0,0,0)
ms_temp : rLeftHandSideMatrix : [3](-0,-0,-0)
[3](0,0,0)ms_temp : 
[3,3]((11.2752,-4.32523,-6.94995),(-4.32523,10.5282,-6.20299),(-6.94995,-6.20299,13.1529))
rRightHandSideVector : [3](0,0,0)rRightHandSideVector : 
[3](-0,-0,-0)rRightHandSideVector
 : [3](-0,-0,-0)rRightHandSideVector : 
ms_temp : [3](-0,-0,-0)
[3](0,0,0)
rLeftHandSideMatrix : [3](-0,-0,-0)
rLeftHandSideMatrix : rRightHandSideVector : [3](-0,-0,-0)[3,3]((9.99263,-10.5241,0.531508),(-10.5241,21.0913,-10.5672),(0.531508,-10.5672,10.0357))
[3,3]((17.4663,-12.7119,-4.75446),(-12.7119,14.9769,-2.26504),(-4.75446,-2.26504,7.0195))
rRightHandSideVector : rLeftHandSideMatrix : 
rRightHandSideVector : [3](-873.316,635.593,237.723)
ms_temp : [3,3]((11.7353,-6.14181,-5.59351),(-6.14181,11.7357,-5.59386),(-5.59351,-5.59386,11.1874))
rRightHandSideVector : [3](-0,-0,-0)
ms_temp : [3](50,0,0)
[3](-0,-0,-0)
ms_temp : rRightHandSideVector[3](0,0,0) : 
rLeftHandSideMatrix[3](-873.316,635.593,237.723)
 : [3](0,0,0)rRightHandSideVector : 
[3](-0,-0,-0)
[3,3]((16.9948,-11.6635,-5.33127),(-11.6635,13.8888,-2.2253),(-5.33127,-2.2253,7.55657))
rRightHandSideVector : rLeftHandSideMatrix : [3](-0,-0,-0)rRightHandSideVector
 : ms_temp : rLeftHandSideMatrix : [3](-0,-0,-0)
[3](0,0,0)
[3,3]((12.3369,-7.18805,-5.14881),(-7.18805,12.2939,-5.10584),(-5.14881,-5.10584,10.2547))
rRightHandSideVector : [3,3]((10.0357,-9.50414,-0.531508),(-9.50414,18.9653,-9.46112),(-0.531508,-9.46112,9.99263))rRightHandSideVector : 
[3](-0,-0,-0)rRightHandSideVector : 
[3](-0,-0,-0)
ms_temp : rLeftHandSideMatrix : [3](-0,-0,-0)[3](0,0,0)

ms_temp : rLeftHandSideMatrix : rRightHandSideVector : [3,3]((11.6774,-6.02901,-5.64839),(-6.02901,11.6763,-5.64731),(-5.64839,-5.64731,11.2957))[3](0,0,0)
[3](-0,-0,-0)rRightHandSideVector : 
[3,3]((11.1849,-10.7857,-0.399232),(-10.7857,19.3413,-8.55561),(-0.399232,-8.55561,8.95485))
rRightHandSideVector : [3](-0,-0,-0)
rLeftHandSideMatrix : ms_temp : [3](-0,-0,-0)
ms_temp : 
[3,3]((10.2003,-10.6972,0.496846),(-10.6972,21.0218,-10.3246),(0.496846,-10.3246,9.82779))
rRightHandSideVector : [3](0,0,0)
rRightHandSideVector : [3](0,0,0)
rRightHandSideVector : [3](-0,-0,-0)
ms_temp : [3](-0,-0,-0)rRightHandSideVector : 
[3](-0,-0,-0)[3](-0,-0,-0)

rLeftHandSideMatrix : [3](0,0,0)
rLeftHandSideMatrix : [3,3]((15.3432,-5.26659,-10.0766),(-5.26659,8.32532,-3.05873),(-10.0766,-3.05873,13.1353))
[3,3]((10.9198,-5.66956,-5.25022),(-5.66956,12.1013,-6.43177),(-5.25022,-6.43177,11.682))rRightHandSideVectorrRightHandSideVector :  : rLeftHandSideMatrix : 
[3](-0,-0,-0)
rRightHandSideVector : [3](-0,-0,-0)
[3,3]((9.2246,-6.86837,-2.35623),(-6.86837,15.9546,-9.08621),(-2.35623,-9.08621,11.4424))ms_temp : 
[3](0,0,0)
rRightHandSideVector : rLeftHandSideMatrix : [3](-0,-0,-0)
ms_temp : [3](-0,-0,-0)
[3](0,0,0)ms_temp
 : [3](0,0,0)
[3,3]((10.9456,-7.8862,-3.05944),(-7.8862,14.818,-6.93177),(-3.05944,-6.93177,9.99121))
rRightHandSideVector : rRightHandSideVectorrRightHandSideVector :  : rRightHandSideVector : [3](-0,-0,-0)
[3](-0,-0,-0)
ms_temp : [3](-0,-0,-0)
[3](-0,-0,-0)rLeftHandSideMatrix : 
[3](0,0,0)
[3,3]((17.2458,-9.35132,-7.89453),(-9.35132,10.8691,-1.5178),(-7.89453,-1.5178,9.41233))
rLeftHandSideMatrix : rRightHandSideVector : rLeftHandSideMatrix : rRightHandSideVector : [3](-0,-0,-0)
ms_temp : [3](-0,-0,-0)
[3,3]((14.7372,-10.3977,-4.33955),(-10.3977,14.1215,-3.72382),(-4.33955,-3.72382,8.06337))
rRightHandSideVector : [3](0,0,0)
rLeftHandSideMatrix : [3,3]((12.1945,-11.046,-1.1485),(-11.046,18.2061,-7.16007),(-1.1485,-7.16007,8.30857))
rRightHandSideVector : [3](-0,-0,-0)[3,3]((13.9194,-7.64423,-6.27518),(-7.64423,11.3823,-3.73802),(-6.27518,-3.73802,10.0132))
rRightHandSideVector : 
ms_temp : [3](-0,-0,-0)
ms_temp : [3](-0,-0,-0)
ms_temp : [3](0,0,0)
[3](0,0,0)
[3](0,0,0)
rRightHandSideVector : rRightHandSideVector : rRightHandSideVector : [3](-0,-0,-0)[3](-0,-0,-0)

[3](-0,-0,-0)
rRightHandSideVector : rLeftHandSideMatrixrLeftHandSideMatrix :  : [3](-0,-0,-0)
rLeftHandSideMatrix : [3,3]((10.8155,-9.60543,-1.21005),(-9.60543,17.7768,-8.17134),(-1.21005,-8.17134,9.38139))
rRightHandSideVector : [3,3]((9.49122,-8.28152,-1.20969),(-8.28152,17.7621,-9.48054),(-1.20969,-9.48054,10.6902))rLeftHandSideMatrix : 
rRightHandSideVector : [3,3]((15.4641,-10.4718,-4.99226),(-10.4718,13.5578,-3.08599),(-4.99226,-3.08599,8.07826))
rRightHandSideVector : [3](-0,-0,-0)
ms_temp : [3,3]((15.5551,-10.1378,-5.41727),(-10.1378,13.036,-2.89813),(-5.41727,-2.89813,8.3154))
rRightHandSideVector : [3](-0,-0,-0)
ms_temp : [3](0,0,0)
[3](-0,-0,-0)
ms_temp : rRightHandSideVector[3](0,0,0) : 
[3](-0,-0,-0)[3](-0,-0,-0)
[3](0,0,0)
rRightHandSideVector : 
ms_temp : [3](-0,-0,-0)
[3](0,0,0)
rRightHandSideVector : rLeftHandSideMatrix : rLeftHandSideMatrix : [3](-0,-0,-0)
rRightHandSideVector : [3,3]((11.5906,-5.86363,-5.72693),(-5.86363,11.5941,-5.73047),(-5.72693,-5.73047,11.4574))[3,3]((15.095,-6.47405,-8.62098),(-6.47405,9.40133,-2.92728),(-8.62098,-2.92728,11.5483))
[3](-0,-0,-0)rRightHandSideVector : 
rLeftHandSideMatrix : [3](-0,-0,-0)
ms_temp : 
[3,3]((6.6419,-1.22126,-5.42065),(-1.22126,15.2805,-14.0592),(-5.42065,-14.0592,19.4799))
rRightHandSideVector : rRightHandSideVector : rLeftHandSideMatrix[3](-0,-0,-0) : 
[3](-0,-0,-0)ms_temp : 
[3](0,0,0)
[3,3]((7.62204,-5.34756,-2.27447),(-5.34756,16.8717,-11.5241),(-2.27447,-11.5241,13.7986))ms_temp
rRightHandSideVector :  : rRightHandSideVector : [3](0,0,0)[3](-0,-0,-0)
[3](0,0,0)ms_temp : 
[3](-0,-0,-0)[3](0,0,0)

rRightHandSideVector : 
rRightHandSideVector : [3](-0,-0,-0)
rRightHandSideVector : rLeftHandSideMatrix : [3](-0,-0,-0)
[3](-0,-0,-0)
rLeftHandSideMatrix : [3,3]((14.5455,-8.06093,-6.48458),(-8.06093,11.3422,-3.2813),(-6.48458,-3.2813,9.76589))rLeftHandSideMatrix : 
rRightHandSideVector : rLeftHandSideMatrix : [3,3]((18.1645,-7.6795,-10.485),(-7.6795,8.75196,-1.07245),(-10.485,-1.07245,11.5574))[3](-0,-0,-0)
rRightHandSideVector : 
[3,3]((12.1075,-5.31339,-6.79414),(-5.31339,10.5911,-5.27771),(-6.79414,-5.27771,12.0719))
rRightHandSideVector : [3](-0,-0,-0)
ms_temp : [3,3]((10.1749,-0.336554,-9.83833),(-0.336554,9.83926,-9.5027),(-9.83833,-9.5027,19.341))
rRightHandSideVector : [3](-0,-0,-0)
ms_temp : [3](0,0,0)
[3](-0,-0,-0)
ms_temp : [3](0,0,0)
rRightHandSideVector : ms_temp : [3](0,0,0)
rRightHandSideVector[3](0,0,0)
 : [3](-0,-0,-0)
[3](-0,-0,-0)
rRightHandSideVector : rRightHandSideVector : rLeftHandSideMatrix : [3](-0,-0,-0)
[3](-0,-0,-0)
[3,3]((11.0635,-6.37628,-4.68725),(-6.37628,12.7136,-6.33729),(-4.68725,-6.33729,11.0245))
rRightHandSideVector : rLeftHandSideMatrix : rLeftHandSideMatrix : rLeftHandSideMatrix : [3](-0,-0,-0)
ms_temp : [3](0,0,0)
[3,3]((18.2485,-11.8638,-6.38474),(-11.8638,13.1928,-1.32903),(-6.38474,-1.32903,7.71377))
rRightHandSideVector : [3,3]((16.4168,-10.8067,-5.61017),(-10.8067,13.205,-2.39832),(-5.61017,-2.39832,8.00849))
rRightHandSideVector : [3](-0,-0,-0)
ms_temp : rRightHandSideVector : [3,3]((12.4326,-7.81497,-4.61768),(-7.81497,12.9557,-5.14074),(-4.61768,-5.14074,9.75842))[3](0,0,0)
[3](-0,-0,-0)
[3](-0,-0,-0)
ms_temp : 
rRightHandSideVector : rRightHandSideVector : rLeftHandSideMatrix[3](-0,-0,-0) : 
ms_temp : [3](0,0,0)
[3,3]((11.9918,-6.6156,-5.37619),(-6.6156,11.9887,-5.37311),(-5.37619,-5.37311,10.7493))
rRightHandSideVector : [3](0,0,0)
rRightHandSideVector : [3](-0,-0,-0)
[3](-0,-0,-0)rRightHandSideVector : 
ms_temp : [3](-0,-0,-0)[3](-0,-0,-0)
[3](0,0,0)
rLeftHandSideMatrix : 
rLeftHandSideMatrix : rRightHandSideVector : [3,3]((12.8564,-11.9583,-0.898085),(-11.9583,18.9012,-6.9429),(-0.898085,-6.9429,7.84099))[3](-0,-0,-0)
[3,3]((17.6445,-10.0231,-7.62144),(-10.0231,11.3612,-1.33808),(-7.62144,-1.33808,8.95952))
rRightHandSideVector : rRightHandSideVector : rLeftHandSideMatrix[3](-0,-0,-0) : 
ms_temp : 
[3,3]((16.8856,-8.44615,-8.43941),(-8.44615,10.147,-1.70083),(-8.43941,-1.70083,10.1402))[3](-0,-0,-0)
rRightHandSideVector : 
rLeftHandSideMatrix : ms_temp : [3](0,0,0)
[3](-0,-0,-0)[3,3]((17.5633,-9.82814,-7.73517),(-9.82814,11.1934,-1.36521),(-7.73517,-1.36521,9.10039))
rRightHandSideVector : 
ms_temp : rRightHandSideVector : [3](0,0,0)[3](0,0,0)
[3](-0,-0,-0)

[3](-0,-0,-0)
ms_temp : rRightHandSideVector : rLeftHandSideMatrixrRightHandSideVector :  : [3](0,0,0)
[3](-0,-0,-0)
[3](-0,-0,-0)
rRightHandSideVector : [3,3]((12.0408,-3.62881,-8.41195),(-3.62881,9.39877,-5.76996),(-8.41195,-5.76996,14.1819))
rLeftHandSideMatrix : rRightHandSideVector : [3](-0,-0,-0)
[3](-0,-0,-0)
ms_temp : [3,3]((19.2818,-11.6908,-7.591),(-11.6908,12.2745,-0.583705),(-7.591,-0.583705,8.1747))
[3](0,0,0)
rLeftHandSideMatrixrLeftHandSideMatrix :  : rRightHandSideVector : [3](-0,-0,-0)
ms_temp : rRightHandSideVector : [3,3]((11.6465,-5.96978,-5.67669),(-5.96978,11.6463,-5.67652),(-5.67669,-5.67652,11.3532))
[3](-0,-0,-0)
[3,3]((21.2454,-10.4337,-10.8117),(-10.4337,9.83095,0.602755),(-10.8117,0.602755,10.2089))
rRightHandSideVector : [3](0,0,0)rLeftHandSideMatrix
 : rRightHandSideVector : [3](-0,-0,-0)[3,3]((9.73059,-4.26411,-5.46649),(-4.26411,12.1455,-7.88136),(-5.46649,-7.88136,13.3478))
ms_temp : rRightHandSideVector : 
[3](-0,-0,-0)
[3](0,0,0)
[3](-0,-0,-0)
ms_temp : rLeftHandSideMatrix : rRightHandSideVector : rRightHandSideVector : [3](0,0,0)
[3](-0,-0,-0)
[3,3]((19.086,-9.88404,-9.20195),(-9.88404,10.3581,-0.474041),(-9.20195,-0.474041,9.67599))[3](-0,-0,-0)
rRightHandSideVector : 
ms_temp : rRightHandSideVector : [3](-0,-0,-0)[3](0,0,0)
[3](-0,-0,-0)
rLeftHandSideMatrix : 
ms_temp : rRightHandSideVector : rLeftHandSideMatrix : [3,3]((12.2494,-9.69954,-2.54989),(-9.69954,15.8441,-6.14455),(-2.54989,-6.14455,8.69444))[3](0,0,0)
rRightHandSideVector : 
[3,3]((9.9555,-7.75634,-2.19916),(-7.75634,16.0877,-8.33133),(-2.19916,-8.33133,10.5305))
rRightHandSideVector : [3](-0,-0,-0)rRightHandSideVector : 
ms_temp : [3](-0,-0,-0)
[3](-0,-0,-0)[3](-0,-0,-0)[3](0,0,0)

ms_temp : rLeftHandSideMatrix
 : [3](0,0,0)
[3,3]((14.7705,-8.18211,-6.5884),(-8.18211,11.3027,-3.12061),(-6.5884,-3.12061,9.70901))rRightHandSideVector
rRightHandSideVector :  : rLeftHandSideMatrix : rRightHandSideVector : [3](-0,-0,-0)
ms_temp : [3](-0,-0,-0)
[3](0,0,0)
[3,3]((13.073,-9.30275,-3.77025),(-9.30275,14.2692,-4.96644),(-3.77025,-4.96644,8.73669))
rLeftHandSideMatrix : rRightHandSideVector : rRightHandSideVector : [3](-0,-0,-0)
[3](-0,-0,-0)[3](-0,-0,-0)
ms_temp[3,3]((13.6757,-10.0433,-3.63231),(-10.0433,14.6881,-4.64471),(-3.63231,-4.64471,8.27702)) : 
[3](0,0,0)
rRightHandSideVector : 
rRightHandSideVector : rLeftHandSideMatrix : [3](-0,-0,-0)
ms_temp : [3](-0,-0,-0)rLeftHandSideMatrix
 : [3,3]((15.4394,-7.76731,-7.6721),(-7.76731,10.3845,-2.61722),(-7.6721,-2.61722,10.2893))
rRightHandSideVector : rLeftHandSideMatrix : [3](0,0,0)
[3](-0,-0,-0)
ms_temp : [3,3]((16.7457,-11.6826,-5.06312),(-11.6826,14.122,-2.43941),(-5.06312,-2.43941,7.50253))
[3,3]((11.6509,-1.44058,-10.2103),(-1.44058,8.76117,-7.32059),(-10.2103,-7.32059,17.5309))rRightHandSideVector : rRightHandSideVector : 
[3](-0,-0,-0)
[3](-0,-0,-0)
ms_temp : [3](0,0,0)
rRightHandSideVector : rLeftHandSideMatrix : [3](0,0,0)[3](-0,-0,-0)

[3,3]((11.7379,-6.14487,-5.59302),(-6.14487,11.7363,-5.59143),(-5.59302,-5.59143,11.1845))ms_temp : 
rRightHandSideVector : [3](0,0,0)rRightHandSideVector : 
[3](-0,-0,-0)[3](-0,-0,-0)

rRightHandSideVector : ms_temp : rRightHandSideVector : [3](-0,-0,-0)rLeftHandSideMatrix : 
[3](-0,-0,-0)
[3,3]((14.1654,-9.63805,-4.52731),(-9.63805,13.6172,-3.97911),(-4.52731,-3.97911,8.50642))[3](0,0,0)
rRightHandSideVector : 
rLeftHandSideMatrixrLeftHandSideMatrix :  : [3](-0,-0,-0)
rRightHandSideVectorms_temp :  : [3,3]((12.0205,-5.42465,-6.5958),(-5.42465,10.7672,-5.34257),(-6.5958,-5.34257,11.9384))
rRightHandSideVector : [3,3]((11.5067,-6.08247,-5.42421),(-6.08247,11.9058,-5.82335),(-5.42421,-5.82335,11.2476))[3](0,0,0)
rRightHandSideVector : 
[3](-0,-0,-0)
ms_temp : [3](-0,-0,-0)rRightHandSideVector : 
ms_temp : [3](-0,-0,-0)
[3](0,0,0)
[3](-0,-0,-0)
rLeftHandSideMatrix : [3](0,0,0)
rRightHandSideVector : [3,3]((11.0543,-7.32396,-3.73034),(-7.32396,13.8987,-6.57473),(-3.73034,-6.57473,10.3051))
[3](-0,-0,-0)rRightHandSideVector : 
[3](-0,-0,-0)
ms_temp : rRightHandSideVector : [3](0,0,0)
rLeftHandSideMatrix : rLeftHandSideMatrix : [3](-0,-0,-0)
[3,3]((11.7359,-6.14285,-5.59301),(-6.14285,11.7362,-5.59336),(-5.59301,-5.59336,11.1864))
rRightHandSideVector : rRightHandSideVector : [3,3]((20.4857,-10.5652,-9.92041),(-10.5652,10.3304,0.234873),(-9.92041,0.234873,9.68554))[3](-0,-0,-0)
ms_temp : [3](-0,-0,-0)

rRightHandSideVector : [3](0,0,0)
rLeftHandSideMatrixrLeftHandSideMatrix :  : [3](-0,-0,-0)
ms_temp : rRightHandSideVector[3,3]((15.0295,-7.81955,-7.20998),(-7.81955,10.7219,-2.90236),(-7.20998,-2.90236,10.1123)) : 
rRightHandSideVector : [3](-0,-0,-0)
[3](-0,-0,-0)
ms_temp : [3,3]((11.834,-5.63278,-6.20123),(-5.63278,11.1313,-5.49855),(-6.20123,-5.49855,11.6998))
rRightHandSideVector : rLeftHandSideMatrix : [3](0,0,0)
[3](0,0,0)
[3,3]((11.7353,-6.14179,-5.59353),(-6.14179,11.7356,-5.59386),(-5.59353,-5.59386,11.1874))
rRightHandSideVector : rRightHandSideVectorrRightHandSideVector :  : [3](-0,-0,-0)[3](-0,-0,-0)
[3](-0,-0,-0)ms_temp : 
[3](0,0,0)

ms_temp : rRightHandSideVectorrLeftHandSideMatrix : [3](-0,-0,-0) : 
[3](0,0,0)[3](-0,-0,-0)
[3,3]((18.0418,-9.59452,-8.44723),(-9.59452,10.645,-1.0505),(-8.44723,-1.0505,9.49773))

rRightHandSideVector : rLeftHandSideMatrix : [3](-0,-0,-0)
ms_temp : rRightHandSideVectorrLeftHandSideMatrix :  : [3,3]((14.7864,-10.6389,-4.14742),(-10.6389,14.4178,-3.77888),(-4.14742,-3.77888,7.92631))
[3](-0,-0,-0)rRightHandSideVector : 
[3](-0,-0,-0)[3,3]((11.7379,-6.14487,-5.59302),(-6.14487,11.7363,-5.59143),(-5.59302,-5.59143,11.1845))
ms_temp : 
rRightHandSideVector : rLeftHandSideMatrix : [3](0,0,0)
[3](-0,-0,-0)
ms_temp : [3,3]((11.9592,-6.52042,-5.4388),(-6.52042,11.9168,-5.39641),(-5.4388,-5.39641,10.8352))[3](0,0,0)
rRightHandSideVector : rRightHandSideVector : 
[3](-0,-0,-0)
[3](-0,-0,-0)
ms_temp : [3](0,0,0)rLeftHandSideMatrix
 : rRightHandSideVector : [3](0,0,0)rRightHandSideVector
 : [3](-0,-0,-0)
[3,3]((11.4832,-5.648,-5.83518),(-5.648,11.4864,-5.83836),(-5.83518,-5.83836,11.6735))
rRightHandSideVector : [3](-0,-0,-0)
rRightHandSideVector : rLeftHandSideMatrix : [3](-0,-0,-0)
rLeftHandSideMatrixms_temp :  : [3](-0,-0,-0)
[3,3]((14.8673,-7.45944,-7.40784),(-7.45944,10.4688,-3.00941),(-7.40784,-3.00941,10.4172))
rRightHandSideVector : [3](0,0,0)
[3,3]((11.7347,-6.14059,-5.59408),(-6.14059,11.735,-5.59444),(-5.59408,-5.59444,11.1885))
rRightHandSideVector : rLeftHandSideMatrixrRightHandSideVector :  : [3](-0,-0,-0)[3](-0,-0,-0)
ms_temp : 
ms_temp : [3](-0,-0,-0)
[3](0,0,0)
[3](0,0,0)
[3,3]((14.2474,-10.9696,-3.2778),(-10.9696,15.4647,-4.49514),(-3.2778,-4.49514,7.77294))rRightHandSideVector : 
rRightHandSideVector : rRightHandSideVector[3](-0,-0,-0) : rLeftHandSideMatrix
[3](-0,-0,-0)
[3](-0,-0,-0)
rLeftHandSideMatrix : ms_temp :  : rLeftHandSideMatrix : [3](0,0,0)
[3,3]((8.53741,-1.4688,-7.06861),(-1.4688,11.9658,-10.497),(-7.06861,-10.497,17.5657))
rRightHandSideVector : [3,3]((11.5326,-5.74404,-5.78859),(-5.74404,11.532,-5.78794),(-5.78859,-5.78794,11.5765))rRightHandSideVector : 
[3](-0,-0,-0)[3](-0,-0,-0)rRightHandSideVector : 
[3](-0,-0,-0)
ms_temp : [3,3]((11.736,-6.14487,-5.59109),(-6.14487,11.7382,-5.59336),(-5.59109,-5.59336,11.1844))
rLeftHandSideMatrixrRightHandSideVector :  : [3](0,0,0)

[3](-0,-0,-0)
ms_temp : [3,3]((14.2022,-9.76571,-4.43652),(-9.76571,13.7562,-3.99052),(-4.43652,-3.99052,8.42704))[3](0,0,0)
ms_temp : 
rRightHandSideVector : rRightHandSideVector : rRightHandSideVector[3](-0,-0,-0) : 
[3](-0,-0,-0)ms_temp : 
[3](0,0,0)
[3](-0,-0,-0)
rLeftHandSideMatrix : [3](0,0,0)rRightHandSideVector : 
[3](-0,-0,-0)
rLeftHandSideMatrix : [3,3]((11.5305,-5.74069,-5.78976),(-5.74069,11.5308,-5.79012),(-5.78976,-5.79012,11.5799))
rRightHandSideVector : rRightHandSideVector : [3,3]((11.7363,-6.14427,-5.59205),(-6.14427,11.7372,-5.59297),(-5.59205,-5.59297,11.185))
rRightHandSideVector[3](-0,-0,-0) : rLeftHandSideMatrix : 
[3](-0,-0,-0)
ms_temp : ms_temp : [3,3]((11.5879,-5.80063,-5.78728),(-5.80063,11.5333,-5.73271),(-5.78728,-5.73271,11.52))
[3](-0,-0,-0)[3](0,0,0)[3](0,0,0)


rRightHandSideVector : rRightHandSideVector : rLeftHandSideMatrix : rRightHandSideVector : [3](-0,-0,-0)
[3,3]((13.1811,-5.81928,-7.36186),(-5.81928,10.1557,-4.33644),(-7.36186,-4.33644,11.6983))[3](-0,-0,-0)
rRightHandSideVector : 
rLeftHandSideMatrix : ms_temp : [3](-0,-0,-0)
[3](-0,-0,-0)[3,3]((11.6262,-5.93118,-5.695),(-5.93118,11.6271,-5.69592),(-5.695,-5.69592,11.3909))
rRightHandSideVector : 
ms_temp : [3](0,0,0)
rLeftHandSideMatrix : [3](-0,-0,-0)
ms_temp : rRightHandSideVector : [3](0,0,0)
[3](0,0,0)
[3](-0,-0,-0)
rRightHandSideVector : [3,3]((11.7348,-6.14262,-5.59216),(-6.14262,11.7371,-5.59444),(-5.59216,-5.59444,11.1866))rRightHandSideVector : 
[3](-0,-0,-0)
rLeftHandSideMatrix : rRightHandSideVector : [3](-0,-0,-0)
[3](-0,-0,-0)
ms_temp : [3,3]((14.6627,-9.84761,-4.81506),(-9.84761,13.4338,-3.58619),(-4.81506,-3.58619,8.40125))
rLeftHandSideMatrix : rRightHandSideVector : rLeftHandSideMatrix : [3](0,0,0)[3](-0,-0,-0)
[3,3]((11.0937,-4.26368,-6.82998),(-4.26368,10.6528,-6.38916),(-6.82998,-6.38916,13.2191))
rRightHandSideVector : 
rRightHandSideVector : ms_temp : [3](-0,-0,-0)
[3](0,0,0)
[3,3]((11.5431,-5.76435,-5.7787),(-5.76435,11.5418,-5.77746),(-5.7787,-5.77746,11.5562))
rLeftHandSideMatrix : rRightHandSideVector : [3](-0,-0,-0)
rRightHandSideVectorms_temp :  : [3,3]((11.7379,-6.14487,-5.59302),(-6.14487,11.7363,-5.59143),(-5.59302,-5.59143,11.1845))
rRightHandSideVector : [3](-0,-0,-0)[3](-0,-0,-0)

ms_temp : [3](-0,-0,-0)
ms_temp : [3](0,0,0)
rLeftHandSideMatrix : [3](0,0,0)
rRightHandSideVector : [3](0,0,0)
[3](-0,-0,-0)
rRightHandSideVector : [3,3]((14.7168,-10.3351,-4.38169),(-10.3351,14.0529,-3.71787),(-4.38169,-3.71787,8.09955))
rRightHandSideVector : rRightHandSideVector : [3](-0,-0,-0)rLeftHandSideMatrix : [3](-0,-0,-0)
[3](-0,-0,-0)
[3,3]((13.4272,-6.99039,-6.43684),(-6.99039,11.0868,-4.09645),(-6.43684,-4.09645,10.5333))
rRightHandSideVector : 
ms_temp : rLeftHandSideMatrix : rLeftHandSideMatrix : [3](-0,-0,-0)
ms_temp : [3,3]((11.7375,-6.14295,-5.5945),(-6.14295,11.7347,-5.59178),(-5.5945,-5.59178,11.1863))[3](0,0,0)
[3](0,0,0)rRightHandSideVector : 

[3](-0,-0,-0)
ms_temp : [3,3]((11.5429,-5.76517,-5.77775),(-5.76517,11.5428,-5.77759),(-5.77775,-5.77759,11.5553))
rRightHandSideVector : rRightHandSideVector : [3](-0,-0,-0)
[3](-0,-0,-0)
ms_temprRightHandSideVector :  : [3](0,0,0)
[3](0,0,0)
[3](-0,-0,-0)
rLeftHandSideMatrixrRightHandSideVector :  : rRightHandSideVector : [3](-0,-0,-0)
[3](-0,-0,-0)
[3,3]((18.3319,-6.15855,-12.1734),(-6.15855,7.5239,-1.36536),(-12.1734,-1.36536,13.5387))
rRightHandSideVector : rLeftHandSideMatrixrLeftHandSideMatrix :  : [3](-0,-0,-0)
ms_temp : rLeftHandSideMatrix : [3](0,0,0)[3,3]((11.544,-5.77158,-5.77237),(-5.77158,11.5481,-5.77656),(-5.77237,-5.77656,11.5489))

[3,3]((11.7371,-6.14374,-5.59335),(-6.14374,11.7359,-5.59218),(-5.59335,-5.59218,11.1855))
rRightHandSideVector : rRightHandSideVector : [3,3]((11.6536,-5.67014,-5.98341),(-5.67014,11.3399,-5.66979),(-5.98341,-5.66979,11.6532))
rRightHandSideVector : [3](-0,-0,-0)
ms_temp : [3](-0,-0,-0)
ms_temp : [3](-0,-0,-0)
ms_temp : [3](0,0,0)
[3](0,0,0)
rRightHandSideVector : [3](0,0,0)
[3](-0,-0,-0)
rRightHandSideVector : rRightHandSideVector : [3](-0,-0,-0)
rRightHandSideVectorrLeftHandSideMatrix :  : [3](-0,-0,-0)
[3](-0,-0,-0)
[3,3]((11.7343,-6.1408,-5.59351),(-6.1408,11.7356,-5.59483),(-5.59351,-5.59483,11.1883))
rRightHandSideVector : rLeftHandSideMatrix : rLeftHandSideMatrix : [3](-0,-0,-0)
ms_temp : rLeftHandSideMatrix : [3](0,0,0)
[3,3]((11.5475,-5.77371,-5.77379),(-5.77371,11.5467,-5.77302),(-5.77379,-5.77302,11.5468))[3,3]((17.2428,-8.812,-8.43078),(-8.812,10.3029,-1.49094),(-8.43078,-1.49094,9.92172))
rRightHandSideVector : rRightHandSideVector : 
rRightHandSideVector : [3,3]((16.7486,-8.52056,-8.22807),(-8.52056,10.3053,-1.78476),(-8.22807,-1.78476,10.0128))
rRightHandSideVector : [3](-0,-0,-0)
ms_temp : [3](-0,-0,-0)
ms_temp : [3](-0,-0,-0)
ms_temp : [3](0,0,0)
[3](0,0,0)
[3](0,0,0)
rRightHandSideVector : rRightHandSideVector : [3](-0,-0,-0)
[3](-0,-0,-0)
rRightHandSideVector : [3](-0,-0,-0)
[3](-0,-0,-0)rLeftHandSideMatrix : 
rLeftHandSideMatrix : [3,3]((11.7359,-6.14285,-5.59301),(-6.14285,11.7362,-5.59336),(-5.59301,-5.59336,11.1864))rLeftHandSideMatrix : 
rRightHandSideVector : [3,3]((11.5459,-5.7724,-5.77346),(-5.7724,11.547,-5.77465),(-5.77346,-5.77465,11.5481))
[3](-0,-0,-0)
rLeftHandSideMatrixms_temp :  : [3,3]((15.093,-9.85741,-5.23555),(-9.85741,13.0636,-3.2062),(-5.23555,-3.2062,8.44175))rRightHandSideVector
 : rRightHandSideVector : [3](-0,-0,-0)
[3,3]((12.7486,-7.76661,-4.982),(-7.76661,12.5755,-4.80889),(-4.982,-4.80889,9.79089))
rRightHandSideVector : ms_temp : [3](-0,-0,-0)[3](-0,-0,-0)
[3](0,0,0)
[3](0,0,0)

ms_temp : rRightHandSideVectorrRightHandSideVector :  : ms_temp : [3](0,0,0)
[3](-0,-0,-0)
[3](0,0,0)
rRightHandSideVector : [3](-0,-0,-0)
[3](-0,-0,-0)rRightHandSideVector : 
[3](-0,-0,-0)rLeftHandSideMatrix
rLeftHandSideMatrix :  : rLeftHandSideMatrix : [3,3]((6.51447,-4.66454,-1.84993),(-4.66454,18.6904,-14.0258),(-1.84993,-14.0258,15.8758))
rRightHandSideVector : rLeftHandSideMatrix[3,3]((11.6517,-5.67002,-5.98167),(-5.67002,11.3416,-5.67161),(-5.98167,-5.67161,11.6533)) : 
rRightHandSideVector : [3,3]((11.7279,-5.85091,-5.87696),(-5.85091,11.4457,-5.59475),(-5.87696,-5.59475,11.4717))
rRightHandSideVector : [3](-0,-0,-0)
ms_temp : [3,3]((19.0359,-8.06211,-10.9738),(-8.06211,8.6677,-0.60558),(-10.9738,-0.60558,11.5794))[3](0,0,0)
[3](-0,-0,-0)
ms_temp : [3](-325.723,233.227,92.4967)rRightHandSideVector : 
[3](-0,-0,-0)
ms_temp : [3](0,0,0)
rLeftHandSideMatrix
 : rRightHandSideVector : [3](50,0,0)
[3](-0,-0,-0)
ms_temp : [3,3]((11.6515,-5.98188,-5.66959),(-5.98188,11.6537,-5.67184),(-5.66959,-5.67184,11.3414))
rRightHandSideVector : [3](0,0,0)
rRightHandSideVector : rRightHandSideVector : [3](-0,-0,-0)
[3](-325.723,233.227,92.4967)ms_temp : [3](-0,-0,-0)
[3](0,0,0)
rRightHandSideVector : 
rLeftHandSideMatrix[3](-0,-0,-0) : 
rRightHandSideVector : [3,3]((15.8784,-17.7282,1.84977),(-17.7282,26.0913,-8.36312),(1.84977,-8.36312,6.51334))
rRightHandSideVector : rLeftHandSideMatrixrLeftHandSideMatrix :  : [3](-0,-0,-0)
[3](-0,-0,-0)ms_temp : 
[3,3]((11.5727,-6.02854,-5.54421),(-6.02854,11.7814,-5.75287),(-5.54421,-5.75287,11.2971))
rRightHandSideVector : [3](0,0,0)
rLeftHandSideMatrix : [3](-0,-0,-0)
ms_temp : [3,3]((13.4967,-11.0797,-2.41697),(-11.0797,16.5048,-5.42509),(-2.41697,-5.42509,7.84206))
rRightHandSideVector : rRightHandSideVector : [3,3]((15.1813,-10.0468,-5.13457),(-10.0468,13.2358,-3.18906),(-5.13457,-3.18906,8.32363))[3](-0,-0,-0)
[3](-0,-0,-0)ms_temp : 
[3](0,0,0)

rRightHandSideVector : rLeftHandSideMatrix : [3](0,0,0)
[3](-0,-0,-0)
ms_temp : [3,3]((11.6533,-5.9833,-5.67001),(-5.9833,11.6533,-5.67003),(-5.67001,-5.67003,11.34))
[3](0,0,0)
rRightHandSideVector : rRightHandSideVector : rRightHandSideVector[3](-0,-0,-0) : 
ms_temprRightHandSideVector :  : [3](-0,-0,-0)
[3](0,0,0)
[3](-0,-0,-0)
rLeftHandSideMatrix : [3](-0,-0,-0)rRightHandSideVector : 
[3](-0,-0,-0)
rLeftHandSideMatrix : [3,3]((10.4422,-3.56928,-6.87294),(-3.56928,10.7965,-7.22725),(-6.87294,-7.22725,14.1002))
